999996138
999976628
999862452
999861685
999810487
999798166
999796661
999734489
999618016
999465237
999284246
999241001
999086456
998993472
998950540
998941122
998895338
998621148
998531750
998521822
998496089
998166045
997889837
997815721
997705028
997680638
997430843
997426551
997423525
997313093
997226173
997197446
997095073
996690269
996611863
996596506
996427279
996054640
996005132
995950866
995867504
995728815
995493175
995471325
995468088
995458934
995444611
995353344
995318556
995233759
995181291
995164641
995098763
994970032
994717041
994667095
994356088
993988190
993974682
993923287
993892364
993859951
993859337
993782748
993742861
993671382
993667311
993618007
993560974
993355853
993173606
992642221
992545604
992337327
992178513
992155074
992144404
992135018
991750344
991721040
991280982
991177906
991053252
990944748
990857697
990834843
990679251
990675371
990558659
990374813
990327553
990239134
990180326
990107805
989961503
989882525
989837899
989817776
989588952
989148126
989037868
988566793
988441028
988419603
988412868
988268915
988172249
988128905
987833285
987832152
987663304
987643338
987631347
987254033
987237220
987050461
986991057
986894087
986854052
986670602
986612774
986393329
986312926
986203628
985835059
985768722
985735287
985684265
985649292
985423472
985193771
985001673
984897993
984895144
984839216
984812585
984781234
984738848
984705416
984685505
984565221
984474132
984441568
984249715
983904819
983645224
983608529
983181539
983171158
982784039
982520376
982059522
981990302
981849764
981719055
981509230
981164073
981070651
980590369
980589598
980279608
980216388
980135611
980118578
980059400
979909525
979851112
979569429
979517707
979335315
979311002
979218279
979163351
979146300
978989318
978771355
978734245
978574903
978509906
978496024
978406538
978297847
978290641
978091325
978062647
977979044
977887013
977726738
977685783
977598266
977587224
977483637
977452559
977436544
977322869
977322542
977202035
977101758
977018914
976966555
976676425
976606822
976451345
976339417
976336330
976298459
976276927
976230054
976069143
975859519
975663108
975613229
975418004
975404054
975399801
975332618
975308984
975243899
975131438
974874191
974706148
974549940
974542953
974134970
974070143
973998178
973979424
973893165
973683128
973581623
973350975
973327170
973251376
973131151
973005470
972916182
972878221
972791046
972740700
972529608
972453647
972327937
971956652
971940847
971795009
971725063
971423459
971373615
971368096
971300391
971269683
971072133
970989297
970856981
970729498
970568209
970480909
970322923
970224233
970189329
970182125
970106985
970007604
969994302
969911253
969761902
969621053
969588465
969529842
969375917
969360154
969321742
968949814
968839246
968535625
968508762
968490371
968318285
968297882
968087167
967828069
967699444
967397544
967196947
967027878
966895997
966876402
966876187
966796768
966530376
966491703
966308966
966215611
966182448
966091103
966022292
965992137
965871541
965710628
965668820
965615619
965450621
965281832
965165128
965001393
964925405
964920631
964729916
964700904
964357708
964296143
964101709
964043522
963896004
963855345
963820265
963783172
963721590
963484685
963442485
963408824
963363797
963308500
963296310
963248417
963247633
962918058
962864751
962645780
962587293
962566331
962195234
961926701
961821879
961813316
961701017
961684475
961507395
961406997
961360892
961249756
961140208
961076989
961003711
960949251
960891799
960827331
960454306
960016166
959916795
959865794
959836255
959719944
959712947
959640810
959588830
959554235
959523262
959406275
959383451
959383097
959318135
959006151
958947586
958861852
958831215
958604800
958593178
958570754
958421955
958393633
958196339
958116149
958067199
958010086
957964017
957745953
957647152
957314356
957169923
957064664
956970630
956887469
956881653
956773461
956764963
956600101
956282027
956252369
956172244
956103493
955992865
955965517
955936275
955639427
955352166
955253927
955040971
954832837
954612437
954480458
954453862
954370062
954159736
953992590
953967117
953898183
953890374
953504290
953481486
953457728
953448851
953345880
953321110
953256555
953193208
953052399
952964956
952604183
952388299
952130661
952064545
951898913
951848424
951813443
951799913
951782027
951708286
951600932
951185406
951028917
950871339
950445357
950402488
950161593
950044230
949927024
949714605
949675683
949573504
949498228
949443572
949406185
949162827
948984543
948955879
948867982
948691737
948557922
948018293
947977631
947843695
947785849
947543322
947053828
947014680
946832007
946789962
946758938
946756667
946706238
946566364
946154714
945940400
945939175
945910218
945852963
945776531
945616701
945567201
945506825
945454186
945389418
945192345
944762027
944751277
944554952
944455239
944429214
944317522
944254087
944211190
944177699
944175418
944034455
943916515
943897207
943783237
943445566
943444749
943375495
943173077
942949490
942434912
942283266
942189090
942140052
942127286
941931986
941917372
941864852
941463973
941377843
941072695
940783772
940640156
940613577
940525788
940433978
940426038
940379247
940369948
940260464
940059581
939976739
939773983
939686159
939654239
939625525
939438222
939215640
939019500
938722676
938390075
938377846
938052195
938016636
937840761
937594680
937423680
937373173
937359193
937310544
937116265
936613861
936511501
936362037
936252928
935952055
935617762
935337893
935318988
935079629
934982859
934913173
934675496
934515555
934514394
934409605
934157432
934057996
934030578
934016459
933968980
933956777
933874662
933793659
933605186
933394893
933338270
933249171
933081409
932896356
932850422
932840365
932812900
932783100
932610279
932554072
932553278
932515024
932017842
931824873
931684114
931457489
931345386
931260364
931241524
931133118
931095268
931002023
930937031
930789478
930716563
930592942
930555291
930492231
930431787
930220408
930124082
930122880
929984096
929983058
929980928
929789786
929714786
929651877
929551537
929467380
929460216
929046200
928970112
928898957
928656205
928596121
928531586
928455184
928428270
928313744
928131131
927993781
927894665
927875813
927756839
927645881
927402709
927358175
927111708
927041480
926972788
926945563
926843045
926742782
926660136
926631149
926559330
926435175
926196218
926171459
926141401
925933098
925805352
925683074
925570268
925566882
925459797
925443416
925396385
925280847
925108100
925093174
924904834
924717226
924466805
924294940
924258521
924253452
924190320
924084904
923998415
923880044
923867425
923823224
923794738
923689608
923549655
923505920
923475834
923270743
923269895
923223188
923149243
922737183
922715864
922422278
922337120
922334575
922059837
921948093
921941200
921756430
921550677
921455769
921368166
921353784
921336616
921332058
920871412
920850244
920684257
920450433
920397566
920394283
920265627
920152123
919971473
919892948
919857300
919830402
919795430
919305083
919159297
919065643
918649601
918431978
918380289
918111996
918093607
918043045
917940393
917905218
917692735
917620085
917604439
917437717
917278331
917243179
917054129
916992169
916979875
916621373
916569662
916424373
916417430
916378752
916264201
916241161
916147770
916062980
916040948
916038107
915884876
915847351
915801790
915666562
915513215
915291182
915161410
915120167
914739387
914354827
914326049
914228085
914026513
913906381
913767403
913728356
913662000
913642830
913514785
912981415
912935599
912844149
912631208
912383784
912359618
912355954
912203360
912087919
911841449
911543168
911399234
911162436
911151215
910814932
910737637
910695881
910620442
910500779
910175187
909810270
909786446
909767894
909667513
909612855
909425954
909249373
909183911
909154267
909083321
909068482
909022006
908778823
908731808
908562947
908275257
908125459
907837013
907602457
907578448
907417260
907390162
907356296
907281754
907206293
907023052
906866730
906803206
906416107
906003877
905985018
905773261
905756587
905561125
905201934
905080759
904959129
904851551
904772951
904563207
904420899
904284895
904118441
904075246
903918745
903906338
903791482
903536752
903404472
903310400
903279714
903238962
903168227
903130214
903106213
903065213
903053755
903043094
902873245
902783737
902685036
902625730
902609678
902359691
902277842
901922401
901803142
901671587
901352815
901297242
900639923
900623992
900395088
900377507
900339677
900195911
900149282
900058805
899895216
899662867
899621932
899595775
899463718
899460470
899440233
899175663
898977493
898851833
898613452
898581272
898177150
898057136
897765042
897714717
897701039
897461919
897044733
896921927
896864493
896742785
896521813
896477078
895957782
895909075
895867541
895727091
895723652
895684454
895680471
895380370
895080495
894838941
894557770
894378283
894337105
894180044
894021492
893928113
893846315
893449646
893320306
892954248
892939836
892829037
892799923
892743755
892706205
892521292
892476289
892369899
892344006
892113704
892049655
892021943
891953077
891940294
891841831
891812164
891344919
891291268
891268986
891160846
891140502
891136975
891009130
890893367
890660087
890600668
890517608
890499568
890345534
890184260
889974663
889911918
889788670
889753851
889658071
889163975
889134277
889109807
888884593
888817638
888658921
888604109
888279723
888259970
888153350
887851565
887771474
887497982
887398133
887322592
887300594
887004829
886511284
886183880
885984915
885900945
885888175
885738681
885579109
885574926
885549110
885391283
885281136
885176440
885166210
885093991
885064828
884902224
884780987
884762796
884711360
884669570
884668601
884583447
884486272
884321393
883673664
883640395
883567681
883562767
883514519
883499129
883497683
883492958
883375558
883271322
883260074
882783647
882759984
882736181
882732948
882493696
882077824
882055969
881778749
881660966
881623742
881514006
881380674
881240421
881095327
881067976
881041069
880977586
880830884
880678586
880499861
880232995
880082090
880022259
879926552
879910227
879889302
879787061
879632393
879485474
879432588
879157531
879130062
879045477
878520269
878405139
878305385
878293650
878104201
878079596
877761546
877221643
877167058
877151224
876984583
876785542
876649109
876608368
876501283
876357548
876288600
876052625
876038105
875902530
875889198
875701613
875675619
875562385
875311928
875271318
875194719
875181870
875113926
874927604
874648830
874378146
874343236
874309620
874194058
874068028
873953754
873686320
873334245
873268231
873153541
873076262
872996134
872937157
872852034
872842024
872821672
872816072
872587897
872529955
872138078
872024239
871860042
871762251
871622968
870804953
870769350
870613252
870275697
870262305
870105013
870078876
870063635
869984680
869942191
869832644
869625120
869490884
869316642
869286389
869285363
869234162
869208138
869089498
869066724
869027563
868827215
868556805
868475875
868351410
868216525
868215054
868214647
868115555
868080840
868013762
867997866
867940876
867804027
867434600
867010102
866965775
866961028
866837045
866795892
866749058
866692199
866662266
866515240
866070080
866068530
866006812
865964025
865911958
865841384
865824694
865682921
865668726
865425074
865326535
865208587
865052087
864481669
864473484
864335848
864312213
864009320
863990385
863479740
863392616
863360985
863344866
863268040
863113374
863089132
863062856
863037547
862752992
862659608
862525469
862450338
862274624
862255996
862247048
862136115
861921125
861891927
861850417
861841206
861779829
861632470
861608256
861290566
861257600
860905858
860855546
860838012
860789388
860718978
860679598
860660205
860658660
860518066
860430306
860322682
860166151
860081267
860007989
859977704
859823147
859770184
859617875
859496984
858994729
858970587
858612554
858589660
858313330
858297829
858230392
858197544
857730817
857703855
857694473
857518367
857333675
857283431
857268195
857189960
857060318
857003513
856915042
856830204
856803648
856671351
856476011
856275793
855775910
855684754
855655446
855372684
855222964
854993644
854993299
854858408
854812746
854707071
854672878
854514391
854429893
854406555
854349270
854309134
854217646
854153108
854130055
854094544
854068896
853993666
853688496
853640245
853487005
853138444
853108566
853089975
852911984
852418997
852411315
852305028
852228796
852012417
851990779
851812138
851764349
851735742
851732305
851605887
851174379
850562413
850526174
850369719
850305292
850246051
850178528
850142219
850130966
850105950
850093665
849987862
849539229
849327156
849299507
849195776
848994087
848912302
848625573
848601896
848480998
848462675
848367737
848336350
848229835
848150176
848040490
847923498
847606714
847575834
847122235
847099853
847011769
846968717
846918783
846619804
846598124
846534650
846436973
846348671
846017157
845940572
845868260
845707599
845604005
845532541
845519752
845420861
845340646
845174678
845118797
845025385
844867900
844664987
844656751
844633323
844573186
844535165
844121120
844117107
844106818
843960742
843885158
843751622
843617658
843486674
843317121
843217203
843175092
843165498
843129002
842707918
842699388
842663690
842646753
842610538
842595195
842553036
842451863
842353155
842240833
841923532
841789284
841568377
841290025
841284259
841243726
841219515
841155415
840886547
840842050
840478916
840260584
840187430
839987710
839902654
839791003
839468465
839438027
839250657
839164104
839076809
839049540
838980900
838934722
838827231
838798232
838722124
838629995
838504281
838482026
838409451
837924254
837923879
837890406
837835229
837789488
837483386
837237652
837162666
837011995
836814042
836786803
836744488
836342013
836172146
836132334
836024153
835798018
835382273
835092199
835062940
834986905
834921972
834329909
834323641
834310445
834256135
833868695
833826978
833573525
833305659
833288402
833276890
832817884
832575710
832550953
832467038
832363777
832357179
832331451
832184033
832176043
832172807
832027485
831853985
831817260
831603211
831549198
831523102
831444695
831095730
830879162
830843165
830631700
830572572
830569711
830568194
830549848
830424926
830277165
830234679
829751207
829728215
829593486
829477883
829429154
829425417
829415987
829409250
829246492
829238069
829057277
829029582
828980401
828200438
828188553
828021694
827923668
827481249
827472272
827386985
827348356
826981813
826865067
826757659
826661649
826653417
826525012
826398672
826222456
826199003
826154990
825802674
825469572
825049512
825006547
824849122
824572697
824403760
824340039
824331496
824241285
824235385
823799410
823701869
823477903
823348019
823244362
823153710
823139009
822728513
822589887
822511416
822456106
822436461
822373189
822310003
822201379
822042474
822013091
821955136
821775726
821644100
821600442
821465885
821399202
821303183
821227796
821127697
821015191
820986938
820955714
820805967
820689301
820652725
820635993
820616670
820377816
820374751
819978186
819975207
819854433
819723624
819425431
819000940
818892498
818857967
818846762
818812769
818809585
818796542
818588680
818461381
818367947
818271696
817998441
817983539
817968660
817927901
817833752
817727473
817684316
817670281
817666509
817645024
817421215
817370832
816729871
816169063
815861799
815846794
815831540
815815916
815720291
815522340
815104888
814971725
814662879
814329480
814278164
814233933
814151906
814126208
814058338
813840751
813742875
813541720
813467343
813261777
813240931
813155184
812977937
812940181
812873873
812857116
812734200
812594219
812555665
812494495
812359432
812349149
812291328
812282436
812069011
811935103
811785699
811757799
811661671
811297725
811199901
811178876
811148558
810836629
810691465
810652941
810635343
810631213
810624161
810522431
810347096
810255575
810236072
810202406
810167243
810039366
810022091
809890224
809639763
809595867
809548230
809244591
809238834
809005855
808964558
808787770
808645606
808548432
808403196
808338561
808223675
808095486
807819131
807257114
807254229
807193474
807186758
806937662
806807855
806503738
806319491
806223223
806202936
806195049
806112051
806058184
806040041
805967520
805495764
805165966
804989278
804890022
804741524
804736399
804673867
804475821
804435049
804428646
804097147
804003419
803964265
803944973
803831010
803785504
803114194
802919765
802628256
802603383
802544102
802117122
802042162
802002617
801922343
801833791
801828432
801825645
801769352
801717759
801481249
801392189
801279770
801142270
801127225
801119437
800859449
800324731
800293064
800193489
800038958
799860494
799852832
799770479
799713600
799475264
799227210
799148206
799015749
798850912
798688459
798637194
798565972
798471490
798408054
798130555
798127132
798070214
797936438
797923062
797656440
797641256
797640144
797313483
797282298
797017669
796898305
796603997
796269009
796254327
796186722
796039610
795943598
795641343
795462036
795400929
795253051
795210980
795116609
795105343
794995302
794929836
794831437
794823371
794782107
794741635
794719119
794551166
794532440
794179857
794084741
793973494
793925074
793879124
793792717
793644442
793431116
793393620
793217822
793148508
792710222
792590757
792577083
792540760
792484436
792440980
792075518
792008900
791813914
791744528
791075326
791062988
791000629
790981448
790971667
790963699
790838680
790706379
790653362
790651209
790078219
790020156
789972846
789795457
789745229
789701856
789640691
789511531
789436047
789406982
789347550
789340105
789333206
789280779
789156368
789066248
789021249
788761208
788722870
788702558
788419162
788343232
788034076
787928922
787900210
787894240
787606733
787523785
787461362
787345079
787329224
786782295
786694185
786655604
786584053
786575572
786389003
786320904
786199611
786087276
785925313
785677873
785494955
785487290
785410531
785317921
785221558
785187196
784841400
784805466
784794821
784710502
784489579
784124467
784107268
783931380
783628756
783560404
783558570
783401270
783228523
783202682
783162498
783108835
783103719
783014346
782896368
782847464
782842745
782794886
782779813
782567717
782493650
782117073
782035070
781914719
781875399
781748923
781628099
781564369
781562041
781534533
781501532
781174987
781101274
781012609
780541177
780525719
780322769
780289087
780162941
779556863
779548822
779427763
779263427
779225756
779207827
779006365
778916274
778820989
778816434
778712483
778686975
778607583
778607145
778564096
778505127
778187468
778037492
778026201
777900810
777722061
777617243
777604439
777601807
777543578
777485645
777417361
776929803
776899617
776880029
776825504
776430541
776182833
776182454
776029974
775937339
775884947
775643583
775578314
775461582
775016603
774900138
774819994
774799072
774796686
774730225
774728800
774648508
774571103
774549600
773719641
773374748
773231827
773059683
772988836
772872766
772621516
772504556
772366361
772172228
772070784
772051537
772043936
771835226
771833864
771643711
771571802
771484946
771463827
771411230
771403420
771116768
770492658
770403781
770324285
770225184
769994459
769944189
769912233
769728602
769701510
769548693
769392927
769382778
769360447
769345103
769315479
769314553
768953540
768694905
768624835
768533141
768471212
768304353
768147231
768009418
767654828
767512874
767493561
767483564
767398990
767349525
767334903
767251476
767098238
766937358
766652680
766648454
766578696
766557765
766468192
766323322
766302250
766165426
766042404
765773482
765763000
765617845
765615559
765535288
765501989
765124772
765000438
764956949
764943344
764746687
764574424
764455891
764402602
764223155
764206652
764085240
763941840
763796323
763672496
763642591
763613522
763591374
763574934
763562918
763517499
763421842
763018722
762944627
762878041
762836152
762677601
762669683
762313694
762082942
762077778
761837092
761657949
761326593
761143805
761091249
761034183
761022216
760896030
760837211
760795347
760651794
760499574
759962607
759962378
759941527
759834496
759787326
759724114
759670789
759590561
759476332
759459812
759282062
758979435
758924153
758872109
758847363
758785274
758617366
758317831
758170272
758148740
758104595
757959963
757895727
757331230
757264224
757235477
757225919
757153078
757088540
756898744
756532465
756509458
756486670
756400311
755945830
755799380
755782696
755539686
755512074
755447479
755407490
755375720
755301611
755188433
754984597
754983992
754919699
754436628
754434920
754355477
754276360
754177862
754116813
754093237
754071224
754039131
754017898
753989518
753784387
753782473
753773437
753771087
753728641
753669257
753370135
753256826
753057428
752695781
752305008
752280303
752265183
751994424
751874647
751820098
751406409
751293205
751080349
750822408
750734796
750573287
750562192
750515541
750485224
750318074
750115630
749869335
749827387
749720565
749557891
749202568
749081346
749080255
749060888
748920647
748876769
748245138
748097278
747759164
747715137
747384951
747131533
747126810
746981972
746376528
746281948
746136315
746091811
745821043
745724630
745696076
745672971
745667939
745571176
745538056
745512323
745458866
745221379
744787462
744766049
744386014
744372741
744164606
744124283
743969335
743786026
743785044
743736486
743639551
743606578
743381769
743283320
743103056
743065983
743024464
742896132
742851983
742751261
742542001
742404540
742272168
742232478
742088937
741879345
741874245
741862030
741568232
741514958
741497173
741419976
741309633
741202723
741034211
740985854
740896282
740813158
740779772
740494607
740281122
740190759
739893057
739870127
739827878
739821984
739724926
739570201
739459292
739403941
739311570
739047060
739028849
738938751
738921032
738350492
737961684
737940448
737909353
737837771
737663078
737656184
737625136
737545400
737332442
737173202
737139490
737123977
737027947
737016853
737013025
736999561
736919171
736874353
736851085
736597395
736426706
736069454
736067831
736027669
736007123
735960738
735574461
735464154
735387721
735181313
734934637
734879429
734878565
734717676
734316563
734207280
734064784
733626688
733593835
733586946
733535417
733402671
733194355
733188219
732793741
732747806
732682627
732506212
732119896
731954730
731943187
731892499
731888666
731801430
731597640
731569275
730965226
730871494
730850352
730756352
730598313
730562808
730275527
730260300
729951125
729916250
729884478
729782584
729699827
729612805
729371162
729344920
729304482
729124267
729109552
728962006
728915130
728873657
728736979
728525765
728292188
728248937
728131266
728057552
727810646
727730251
727683281
727669927
727265137
727251198
727172273
726850168
726842886
726834740
726808791
726808740
726690302
726600206
726580807
726420905
726275614
726247545
726234745
726140783
726063164
725943903
725907379
725776272
725605186
725553402
725425248
725315430
725297676
725107534
724943503
724512554
724498188
724314545
724268781
724236475
724109618
723992943
723963597
723940135
723867116
723571060
723171552
723039064
723010754
722773743
722696305
722663000
722586755
722547929
722540571
722539738
722278217
722244965
722150733
722007765
721949141
721930004
721911186
721877221
721847219
721783608
721399890
721344816
721085780
720956176
720722671
720300105
720270619
720140470
720089524
720073343
720044134
719897434
719850834
719830538
719660631
719500485
719490971
719419843
719246359
719229411
719071958
719047166
719044581
718910387
718516709
718047686
717996355
717903991
717797387
717733451
717578551
717559918
717294181
717237066
717074366
717060759
716912186
716643517
716593311
716150385
716026158
715977286
715708034
715623651
715268036
715034321
714846581
714808165
714800318
714731195
714658542
714425547
713867379
713831024
713804842
713722597
713718638
713647613
713569311
713408467
712909511
712879625
712772338
712769468
712622684
712486539
711874892
711829028
711506049
711461908
711459809
711318404
711274934
711082580
711064630
711060192
710816164
710771287
710336938
710315281
710299054
710247412
710186752
710031840
709994547
709938749
709598531
709331296
709320554
709306381
709234326
709082639
709052868
708764039
708748324
708718710
708389431
708269762
707900992
707743873
707690468
707538181
707386483
707149467
706985339
706921179
706895750
706856051
706825983
706529862
706525847
706391831
706212802
706178790
705997719
705945226
705860874
705585459
705465592
705455122
705198044
705197439
705066286
705066217
705054184
705044141
704834528
704620616
704546677
704364827
704319828
703956578
703758675
703299587
702900580
702780944
702286322
702061573
702059683
701953489
701766915
701260932
700772700
700739078
700431241
700419757
700343800
700291150
700252314
700074653
700040696
699835224
699739712
699657158
699395797
699165841
699128066
699019268
698980019
698852171
698605426
698603452
698554184
698499628
698438415
698405368
698303169
698128230
697978737
697846776
697542186
697444596
697383908
697105928
697104121
696725713
696592808
696552638
696297627
696206195
695994519
695901758
695837553
695791124
695551723
695454161
695397787
695221546
694886749
694832988
694791810
694773654
694753558
694692241
694670911
694643369
694587948
694566613
694067563
693894837
693883519
693443698
693416392
693387445
693170359
693098076
693097873
693028789
692990445
692924643
692821780
692746939
692278284
692213980
692139943
691995009
691891102
691797623
691680618
691487961
691292856
691292335
691041468
690760251
690471057
690458404
690260577
690106650
690013692
689885896
689869666
689231948
689219470
689029141
688635525
688630149
688523020
688507208
688013036
687734234
687716011
687641579
687612522
687482499
687348576
687217657
687135697
687127402
686956287
686772590
686666907
686656090
686644500
686558093
686429654
686402718
686225096
685712770
685522290
685463243
685446420
685329004
685130399
684957708
684931286
684772029
684751350
684639679
684326456
684213939
684076388
684015856
683968550
683828294
683780053
683752657
683622730
683592141
683550065
683425257
683217043
683106878
683044532
683042536
683038305
683027475
683008148
682900589
682790908
682737356
682489980
682258673
682245967
682063839
681880025
681861273
681786275
681743218
681562132
681462941
681367326
681230955
681131855
680713760
680434350
680411447
680387355
680373993
680284045
680149106
680119409
679830691
679803413
679624900
679449542
679393677
679316371
678988862
678965383
678843533
678651600
678630812
678398524
678379652
678314891
678303291
678160250
677979506
677935976
677862360
677749662
677613070
677475322
677436665
677404140
677209930
677197274
677091536
676719881
676498165
676094430
675868924
675846541
675665982
675569971
675397020
674980318
674437954
674379345
674325142
674058940
673981907
673820659
673697112
673342993
673186001
673101880
672856914
672814526
672585648
672508867
672458952
672442801
672354520
672164756
672147605
672065694
671500614
671458852
671410706
671379855
671374488
671118693
670867681
670844976
670659777
670577572
670399203
670079994
669995420
669926510
669885228
669865710
669765522
669569180
669464599
669441377
669321862
669262775
669252306
669233213
668980949
668864022
668814489
668680499
668609698
668541016
668438967
668371265
667779558
667683715
667529741
667506511
667349147
667188286
667017751
666869578
666705788
666671806
666593550
666371947
666327601
666225536
666204477
666050405
666013319
665939534
665916076
665893029
665851484
665636707
665449246
665385698
665053160
664985580
664831482
664817166
664571210
664548267
664500760
664492488
664460913
664420813
664320954
664238911
664192623
664124839
664093901
664066631
664033847
663979797
663795333
663589448
663580164
663518003
663320608
663224162
663194036
663060183
662985978
662952178
662742984
662628777
662624199
662613641
662514075
662445479
662182639
661939738
661930437
661765291
661678569
661559817
661413158
661173416
661132023
661099460
661055146
660957087
660778666
660735930
660698480
660495830
660236057
660060669
660001768
659902925
659698861
659495081
659259471
659229111
659203998
658951086
658931610
658925810
658885736
658859264
658763760
658587565
658553273
658420566
658325618
658187521
658141113
658137060
657996973
657973982
657858318
657855475
657820440
657720005
657320485
657273550
657269287
657147985
656930213
656777089
656687651
656676349
656469463
656439844
656418010
656361506
656302359
656247556
655828373
655817068
655224191
655116608
654948483
654940427
654936212
654928157
654903564
654673924
654662117
654570811
654558536
654556798
654423215
654395709
654379672
654352426
654265578
653960912
653952225
653615824
653560142
653534888
653474571
653378532
653314779
652944271
652566454
652465891
652245463
652240769
652127019
652123324
652067721
652052346
651891683
651854178
651529385
651486026
651299324
651231083
650818660
650716912
650558580
650155528
650105055
649973187
649946402
649887443
649866369
649230222
649188099
649024792
649008171
649006975
648850384
648844314
648731920
648720422
648694396
648605413
648510715
648079378
647831987
647758823
647683173
647631939
647465922
647427595
647343439
647273324
647101258
647096277
647050336
646916390
646595654
646586509
646495914
646319950
646077228
645994827
645994686
645893775
645793530
645698370
645611192
645544685
645454382
645389748
645366022
645361394
645350134
645232670
644993974
644910769
644797052
644537788
644473671
644382061
644164018
644022602
643765668
643739760
643420764
643266883
643251566
643189853
643029561
642834448
642821066
642813491
642739175
642699102
642667858
642548985
642359110
642153670
642104067
642096185
641632979
641529844
641516026
641496654
641456088
641428416
641353723
641324453
640616803
640525509
640165157
640134422
640037602
639973548
639932285
639923532
639902963
639824890
639753585
639655080
639619691
639499886
639444081
639429374
639407031
639375971
639356710
639180606
639155285
639100156
639080170
639027559
638976486
638830951
638811520
638437786
638366100
638301661
638054551
637833517
637793775
637736154
637648855
637606665
637590017
637399370
637280844
637160681
637115759
636931662
636841830
636781088
636206514
636145586
636118841
635874333
635808677
635803706
635705322
635700936
635548598
635518163
635474543
635406440
635389688
635386795
635370022
635325901
635306667
635223933
635201105
635158868
634938726
634783696
634771280
634725179
634652579
634607292
634446125
634406583
634320383
634104554
634079531
634006486
633793988
633728794
633687192
633560900
633519952
633416673
633289589
633287675
633261491
632956909
632756170
632731461
632692609
632645311
632574408
632532705
632510308
632427399
632372412
631988940
631961840
631933077
631847603
631725653
631220280
631170313
631058975
630813250
629972688
629887603
629837419
629778796
629685897
629684969
629664102
628937321
628894219
628777063
628405023
628370886
628325743
628202722
628013844
627832592
627759175
627660555
627604402
627577374
627553407
627512836
627342293
627331940
627310081
627262953
627242758
627209666
627198317
627074997
626735788
626704970
626672135
626653378
626474398
626222132
626175385
625915286
625703220
625257965
625226656
625052728
624979899
624874631
624817006
624811438
624769266
624510449
624334560
624225502
624163555
624161588
623810889
623384425
623333037
623313761
623279764
623242571
623211972
623139235
623095574
623078358
623058097
623015969
622943252
622883184
622838328
622803625
622724191
622638019
622333669
622173228
622054347
621909967
621889220
621873998
621834116
621716612
621666741
621655690
621621854
621402638
621352419
621342196
621191995
621130400
621096962
620938745
620741929
620413161
620257226
620228458
620181657
620128747
619957080
619925044
619549903
619510633
619224808
619169882
618713406
618338446
618323480
618209293
618131788
618024574
618021355
617540376
617433510
617409474
617386865
617286576
617193772
617117790
616881601
616687618
616293324
616204243
616157613
616122540
615873351
615790156
615773918
615628999
615411969
615402108
615356062
615348940
615051263
614844926
614804055
614795432
614656504
614636378
614540748
614379522
613997575
613781907
613662122
613559518
613521657
613341642
613149814
613057163
613011572
613010175
612836147
612763039
612756031
612747891
612669961
612381079
612363150
612279515
612248470
611907691
611848464
611755506
611697388
611473050
611259441
611198602
611136061
610935764
610447333
610375233
610234625
610182493
610139626
610120283
610119997
609986629
609985971
609940458
609613882
609457179
609350848
609340582
609242355
609155324
609035967
609021205
608937069
608817124
608794552
608423135
608347201
608304823
608286132
608283817
608145465
608080723
607973449
607804163
607700159
607475026
607069889
606990088
606875744
606803529
606749011
606708378
606587168
606537755
606492365
606463683
606330449
606317011
606305247
606291659
606231765
606105393
605831313
605494149
605462251
605390652
605369296
605212866
605198300
604868416
604853150
604813099
604680463
604609466
604341847
604251204
604213943
604151824
604086107
603992619
603845028
603816043
603440476
603373063
603260611
603151606
603111057
602971746
602830464
602776038
602711617
602648937
602591451
602367028
602355467
602266156
601947192
601902302
601851111
601742269
601715132
601667736
601628533
601487544
601481838
601355240
601338905
601120611
601112773
600519863
600499618
600490413
600356369
600137621
600006985
598843838
598665604
598624554
598094016
598088048
598083522
597863253
597814323
597797525
597667089
597539554
597504780
597437003
597424167
597405207
597016831
596741183
596734958
596720865
596649430
596622793
596560388
596493071
596421288
596043303
596022536
595442096
595306366
595004828
594903940
594547750
594378485
594312092
594200999
594069203
594067863
593890885
593814006
593788854
593736670
593549416
593544555
593495541
593495441
593142389
593059147
593047517
593003270
592961345
592901788
592842160
592801943
592791702
592699124
592639164
592522585
592401208
591976127
591915772
591886278
591859090
591777284
591391530
591322273
591222522
591210999
591157858
591003246
590892450
590721258
590705063
590687582
590557726
590536745
590413802
590399429
590382226
590308325
590147656
589835547
589797576
589708332
589487282
589087648
589032290
588959227
588536832
588287297
588170938
588138504
588025806
587962969
587958172
587683709
587659999
587050824
586990394
586960704
586905934
586809357
586799769
586685326
586671180
586596463
586328716
585884029
585810923
585670600
585529323
585398151
585381293
585129488
585024245
584934477
584769278
584735516
584573818
584492416
584393429
584344821
584271633
584103390
583949596
583800802
583745147
583414384
583344428
583338302
582983347
582867478
582785138
582754079
582673892
582290534
582258132
582034660
581957280
581751485
581737813
581727573
581445613
581325908
581260122
581213718
581070044
580863572
580680217
580409230
580347582
580120846
579918603
579520124
579415804
579402891
579250426
579124528
578931437
578886624
578741975
578707265
578656716
578515153
578161174
577946565
577929210
577827715
577667235
577666049
577665665
577469857
577300272
577283851
577225875
577163051
576737794
576398087
576129664
576091155
575781498
575766347
575520773
575321243
575230020
575183577
575153521
575086682
575074166
575063913
574937745
574664604
574178729
574121311
574059732
574019642
573933159
573733812
573308015
573281460
573241252
573163979
573160392
572992065
572889933
572847719
572766814
572496134
572434417
572203148
571952276
571945867
571839741
571831769
571707262
571650624
571513206
571427310
571233541
571228559
571186233
571145538
571093441
571069577
571047573
571011442
570907009
570900452
570792517
570561709
570469270
570424013
570072337
570012847
570004420
569797444
569781706
569557270
569280728
569154139
568814181
568418677
568360859
568310524
568293239
568167165
568061694
567755690
567709728
567556311
567472452
567417541
567186350
567186027
567171510
567083319
567071677
566978212
566533396
566471471
566386402
566384932
566351334
566234099
566127896
566074713
565842317
565819930
565745934
565726007
565520135
565474937
565412513
565367531
565321697
564808644
564806108
564581913
564581301
564557159
564366356
564288651
563801341
563527389
563504007
563268760
562808591
562733252
562557596
562522544
562503916
562448818
562259852
562047389
561678675
561553080
561464145
561389337
561230693
561223959
561216013
561102317
560974773
560790355
560751556
560731815
560639125
560615833
560519280
560447138
560440191
560293491
560201535
560118937
560063519
559844128
559592271
559136021
559048037
558777404
558774754
558727232
558720772
558636851
558458897
558377124
558362946
558313917
558307007
558296233
558294993
558020765
557984348
557926782
557758891
557734117
557623790
557563352
557542212
557521919
557185963
557006835
556717917
556708798
556643261
556610431
556565236
556170454
556154181
556083492
556075590
555889248
555830584
555755817
555724031
555663301
555613795
555582783
555339807
555312196
555287240
555281356
555271551
555075344
554762630
554522007
554468612
554401311
554395893
554326005
554301727
554149497
554087766
553895903
553887813
553855511
553714727
553390888
553388967
553347301
553273456
553022945
552985412
552553084
552516735
552310676
552151932
552109632
551971613
551860070
551814318
551783398
551697980
551400750
551360031
551318084
550927660
550777424
550414130
550200105
550196621
550113010
550103046
549657660
549441928
549251154
549219289
548418178
548246582
548170227
548126442
547958971
547954988
547927273
547689368
547632265
547566587
547383731
547255912
546797085
546742783
546647515
546543431
546373381
546248816
546129500
546066936
546032499
545837542
545705396
545585868
545463390
545353879
545271269
545203314
545145402
544951580
544886368
544745855
544568140
544557469
544506980
544464963
544161361
543979828
543885001
543879854
543785793
543662327
543628097
543596124
543511407
543468753
543445191
543363845
543121491
542873117
542725916
542651003
542578682
542438530
542365831
542083762
541639578
541569466
541202910
541078455
541078209
541069010
540273211
540172506
540130258
539942875
539657589
539622742
539594612
539513219
539474822
539471104
539338636
539194673
539103039
539053649
538990454
538990304
538987622
538283277
538216444
538169491
537684122
537208073
536978439
536861595
536781886
536750460
536603003
536601560
536586376
536476483
536340213
536315896
536285312
535625467
535520057
535311322
535304973
535285488
535210836
535126024
534924696
534841632
534574433
534324291
534289899
534181320
534056348
533994814
533905543
533783026
533649445
533596146
533455010
533202041
533193712
532806474
532559628
532463203
532420366
532142654
532110425
531706500
531694803
531566108
531565748
531561007
531378831
531277264
531259161
530715162
530627714
530599300
530360434
530300333
530290100
530265835
530168822
530149246
530124716
529972248
529911786
529897094
529699954
529586385
529504287
529172394
529166882
529025676
528939013
528883341
528860744
528678390
528676407
528667326
528506718
528416960
528288381
528174699
528114803
527918543
527227447
527215151
527071931
526798351
526793795
526588484
526556356
526114366
525908174
525833727
525683803
525596390
525291244
525277526
525253932
525097213
525035553
524910991
524897313
524845183
524812958
524592138
524262108
524055668
524001132
523968741
523885437
523809503
523208626
523191650
522862354
522792611
522471393
522298060
522257913
522217044
522174789
522087809
522065314
521830698
521621184
521577720
521310221
521078720
521010675
520958246
520946898
520679391
520483425
520368259
520257750
520180282
520078181
520068716
519663162
519248151
519208460
518854730
518775273
518774485
518713225
518711357
518643424
518634486
518399558
518337551
518333307
517983145
517726372
517680267
517434744
517380616
517226129
516845763
516791423
516774770
516670946
516648619
516613087
516473296
516333893
516301328
516150946
516070255
516038515
515928098
515641219
515176683
515133264
514892424
514879844
514808654
514728066
514641388
514232490
514216377
514091165
514053654
514016874
513967318
513849724
513819784
513779097
513732232
513506226
513238570
513032012
512549816
512446658
512142458
512091219
511961923
511906906
511800130
511792822
511705979
511600065
511546120
511338831
511327281
511256697
511185055
511142417
511055267
511052425
511045458
510893897
510848848
510791232
510759290
510719226
510697804
510624005
510612147
510548746
510518692
510285016
510249500
510209060
510016837
510008823
509942380
509825567
509793427
509360762
509208414
509208180
509204720
509092118
509086968
509048903
508830701
508776963
508269862
508246548
508238875
508104812
508075146
507970163
507917936
507873413
507705236
507613073
507503475
507433824
507248754
507191816
507167999
507142134
507130867
507041809
506790032
506763860
506686702
506377756
506325012
506112941
506082021
506080296
505826112
505681390
505631486
505570532
505537751
505451090
505429517
505338047
505088789
505070003
505025625
504870109
504768297
504569247
504326642
504072195
504036663
504002072
503806441
503730257
503496963
503397225
503247766
503226563
502976303
502867240
502377288
502261192
502158524
501820526
501758893
501697332
501659764
501583498
501420804
501090042
501074076
500812753
500755754
500635741
500621489
500614519
500363575
500250014
500065984
499866873
499682286
499622329
499585758
499446292
499406402
499403977
499374653
499198960
499193721
499174873
498980409
498977995
498879354
498863219
498045448
498005476
497991554
497990476
497747222
497689036
497366851
497183890
497129549
496903904
496865533
496508087
496345099
496230206
496158935
495860104
495813830
495489560
495110026
494975221
494589369
494402257
494046671
493585909
493460991
493381567
493284259
493255897
493081907
492938728
492551244
492402748
492319993
492277067
492070437
491624754
491484425
491479162
491339924
491167810
491150002
490527101
490458858
490445275
490223162
490183619
490065066
489914367
489377640
489358713
489066370
489054358
488888367
488777109
488656085
488538485
488473240
488459021
488388226
488339404
488266698
488200282
488090879
488059700
488016432
487775611
487627060
487539665
487492528
487479299
487221183
487145317
487120891
486843320
486726985
486539715
486452668
486426238
485624689
485371498
485267719
485248308
485235431
484723262
484606177
484525236
484375606
484067900
483917793
483879660
483804078
483801265
483503469
483422222
483366334
483172296
483039117
482944999
482766140
482762282
482755661
482736130
482627846
482429471
481921589
481855025
481791886
481728733
481728237
481325119
481168865
481146980
481124892
480949743
480942752
480915263
480784034
480664812
480460520
480210593
480187475
479931269
479656826
479535090
479466730
479449386
479144964
479069452
479037682
479013768
478853731
478709566
478631839
478582170
478520427
478477564
478459424
478218943
478175064
477956610
477714576
477636800
477585262
477202852
477155167
477139079
477044873
476974859
476760411
476742175
476661707
476558469
476300697
476160760
476056140
475929308
475649649
475409740
475380769
475156414
474849424
474767723
474633990
474597485
474580392
474460605
474380267
474251168
474138501
474109257
473971989
473579032
473572109
473541418
473030485
472992897
472888071
472821034
472791210
472778927
472655493
472564051
472513964
472436812
472358332
472279502
472169023
471984641
471929356
471889857
471868121
471667667
471607881
471570478
471479342
471284249
471267651
471135134
471048034
471019233
470974281
470827545
470672287
470624752
470283161
470271393
470199948
470134677
470118403
469973176
469948236
469939079
469934046
469791199
469606223
469588272
469572887
469540018
469184429
468978300
468796583
468511917
468399448
468312342
467970119
467885813
467868621
467828259
467799391
467787379
467451401
467209978
466984545
466609648
466531017
466509616
466438786
466287464
466113166
465865489
465818876
465757213
465508593
465200552
464970550
464900884
464829965
464681292
464606064
464509285
464499126
464439593
464421717
464362547
463856967
463852043
463673911
463583605
463485447
463449550
463355435
463327684
463314079
463136713
462990784
462864522
462842065
462763449
462264089
462149212
462056916
461978642
461922617
461919970
461770632
461626443
461504044
461257817
461086205
460993946
460960568
460935431
460878198
460791498
460775873
460742789
460533257
460279555
459933618
459844644
459643320
459637153
459628694
459363487
459196246
458988130
458884428
458621870
458616411
458524890
458513024
458382729
457938174
457521471
457266692
457117856
456837888
456808980
456778800
456732257
456624857
456544269
456526984
456458891
456185479
456087525
455977402
455759274
455728079
455350484
455169115
455124632
454868804
454808947
454719426
454694097
454540434
454459295
454432027
454264498
454191851
453934327
453766106
453565372
453487203
453278278
453143711
452910297
452855246
452617241
452573069
452475631
452451975
452339256
451864162
451661314
451660351
451514457
451505564
451190100
451120442
451034401
450932448
450856531
450474592
450040663
449812907
449737695
449647532
449617622
449490534
449462889
449189523
449128203
449077524
449012673
448922250
448905361
448803270
448696835
448689848
448407547
448325540
447875365
447827228
447728268
447493363
447445429
447255229
447102422
446931670
446871088
446710959
446383289
446277159
446237324
446012093
446004757
445951163
445647687
445472530
445410669
445384031
445365801
445274953
445224713
445201404
445201049
444949453
444758888
444544514
444498029
444458373
444373010
444371421
444015034
443774353
443612793
443438113
443318547
443093385
442991135
442905542
442800433
442778341
442695184
442564129
442556865
442514407
442482761
441854874
441802895
441479845
441444218
441364735
441319665
441301309
441110878
440855994
440722540
440577635
440570321
440558212
440539311
440341734
440326914
439900433
439820702
439680473
439538827
439391217
439380128
439280618
439081773
439038763
438837729
438688995
438622936
438352114
438235547
438091374
438041446
437973651
437966694
437835608
437765731
437677463
437587398
437275039
437265215
437148338
437058302
436904533
436884370
436500400
436496987
436313587
436242206
436240789
436059764
435717710
435350829
435265990
435126020
435041347
434916946
434869056
434730253
434614115
434612854
434277650
434064016
433808545
433743297
433415773
433075547
432874445
432845299
432841249
432635222
432622082
432570703
432199347
431952172
431917906
431824469
431545240
431400964
431133402
430880216
430834838
430623538
430587954
430273783
430046668
429977926
429887761
429876773
429770054
429586989
429387086
429370151
428768100
428736269
428271371
428224435
428200512
428064817
427854022
427841959
427770739
427537339
427468641
427380884
427362324
427281283
427276662
427257486
427215554
427078898
427076905
426730147
426367419
426201179
426200795
426107704
426047864
425978673
425960414
425946355
425832463
425806062
425682696
425668986
425664432
425663429
425516213
425501201
425500036
425347466
425306635
425091827
424948079
424834141
424731401
424567783
424560158
424541981
424376666
424324285
424297651
424198531
424191797
424103084
423981007
423924070
423724108
423677752
423565309
423382393
423364467
423294854
423274596
423239646
423089953
422931905
422806986
422713615
422684878
422668136
422631262
422628911
422514969
422420696
422332843
422277292
421986925
421875676
421848415
421756807
421729463
421623013
421549263
421435521
421431509
421377556
421316787
421160283
421117538
421084269
420876138
420875398
420861520
420641207
420613849
420576305
420536387
420526613
420395323
420316550
419984919
419917089
419643987
419579312
419475389
419296480
419295399
419292811
419236397
419166526
419140166
419096670
419021541
418966538
418764533
418577021
418502233
418419877
418413472
418396433
418286930
418262014
418165616
418119492
418108734
418093013
418021912
417716737
417713637
417036210
416873820
416586242
416568145
416557049
416458101
416384877
416190245
416141019
415931749
415709085
415587825
415403784
415040156
415030870
414948088
414745161
414651319
414538662
414459914
414452212
414334896
414321837
414299798
414185118
414018443
413880421
413819102
413376552
413211767
413197682
413059838
412980106
412815584
412702697
412351134
412212889
412208511
412174484
411980809
411611562
411067764
410964549
410930249
410887764
410819893
410732811
410694629
410565227
410227481
410145734
409906205
409808552
409737827
409560989
409529241
409523319
409013533
408939689
408916072
408761316
408589045
408423158
408381210
408372877
408246923
408245959
408235254
408008466
407982027
407969179
407953485
407883697
407709841
407628398
407602652
407566460
407483562
407478211
407212354
407026415
406954907
406928970
406918230
406776472
406428384
406323191
406043690
406028570
406002068
405602217
405107600
404975206
404907763
404576692
404576195
404456629
404321123
404207806
404165998
404088589
404086366
403994312
403979462
403854286
403777105
403760153
403711487
403525955
403406696
403403175
403354091
403137681
403130417
403048047
402941145
402937456
402905884
402839478
402829751
402731639
402548626
402342617
401913266
401749011
401504359
401493361
401256555
401253006
401236246
401206220
401142264
401095766
401049430
400928649
400758886
400728566
400478717
400356548
400082000
399872148
399815972
399322337
399179790
399067583
399037360
398999597
398977638
398845475
398754602
398720460
398581599
398534292
398073385
397951061
397696012
397636437
397512023
397424089
397214298
397090693
397000540
396739937
396738395
396329701
396323084
396249232
395971515
395929724
395906714
395777863
395225454
395210247
395206523
395051783
395042101
395013193
394941195
394716641
394643873
394602852
394567243
394538449
394349292
394300675
394285414
394127541
394101432
394079387
393907376
393849132
393501749
393465919
393425668
393362544
393359004
392689434
392580908
392533519
392424894
392337417
392159601
392150918
392129319
391860923
391756342
391559226
391454155
391443877
391167583
391093608
390943591
390931136
390746841
390412010
390358409
390120784
389918832
389871031
389735671
389623269
389525208
389470599
389409679
389350570
389325847
389225485
389217666
389212561
389143140
389085023
389072058
389046361
389025723
389017153
388818796
388486118
388423992
388300507
388273659
387941823
387937838
387329484
387237171
387151706
386716566
386688245
386630085
386527029
386135383
386133710
385918156
385901777
385773432
385740203
385641734
385584615
385470807
385452567
385367805
385036198
384968501
384865382
384647656
384594335
384511997
384455020
384245766
384181748
384148360
384145218
383723120
383599017
383496279
383405190
383328441
383316203
383315083
383291892
382928317
382815390
382764524
382407991
382373426
382312429
382230639
382059794
382055648
382049162
381971207
381844059
381658547
381436486
381324221
381046458
380982316
380873537
380511581
380402681
380359885
380347546
380297189
380273509
380024782
379942510
379628323
379607903
379579988
379316585
379195324
379166513
379132934
379116816
379103115
378967967
378924008
378878631
378650232
378461115
378331600
378161014
378104965
377861418
377802639
377742824
377694236
377675838
377576769
377542691
377316566
377223995
377150260
377038977
376576788
376472065
376408523
376262480
376068896
375901335
375814140
375686699
375677600
375627607
375405562
375226048
375216034
375091036
375054496
374958247
374921535
374600774
374459278
374441057
374365491
373697403
373651076
373593384
373166113
373138334
373038503
372885579
372802218
372640735
372559060
372464057
372408725
372328224
372304771
372062251
372038269
371975349
371836710
371726460
371658018
371507096
371504305
371499070
371208439
371114607
370944506
370882766
370875529
370861190
370844117
370804940
370766352
370480944
370450007
370448954
370425439
370356609
369940701
369809642
369759624
369633106
369618197
369569754
369510092
369224566
369106868
369054390
368742203
368738847
368652076
368444981
368408643
368384664
368189647
368108222
368038761
367969771
367929964
367927430
367381336
367370891
367104150
366961032
366858918
366706642
366611618
366609332
366587612
366554195
366347383
366196232
366014390
365900262
365810416
365781127
365604358
365560031
365431960
365406215
365357888
365226974
365178745
365085783
365033404
364973787
364859724
364787751
364771626
364364259
364302921
364239827
364046632
363750799
363430430
363400088
362555159
362552295
362542075
362460616
362345826
362309218
362305135
362295431
362165985
362069070
361872661
361802771
361766902
361625329
361429228
361409037
361401414
361129706
361063307
361040117
360818750
360695009
360551784
360465238
360267952
360030352
360009013
359938880
359706435
359582650
359545855
359530932
359502734
359487680
359356107
359345528
359339232
359145230
358896436
358885638
358759458
358549847
358482980
358410928
358358956
358161237
358094619
358020822
358008588
357952988
357779159
357720624
357298609
356982208
356946791
356914753
356877650
356729655
356706983
356540992
356496971
356478801
356454132
355824027
355648075
355469666
355216498
355215869
355149124
355057254
355025288
354686059
354458456
354399917
354001155
353777018
353736259
353728875
353666277
353547473
353362032
353318393
353265893
353202127
353182511
353067539
352974506
352924316
352738272
352328210
352221589
352101282
352031607
351896638
351645237
351590260
351395201
351358297
351347982
351300404
351173987
351171376
351060867
351007433
350843264
350735472
350581100
350551531
350428044
350249876
350116035
350102792
350052794
350023619
349967066
349914269
349791165
349775907
349774628
349461723
349122596
349039927
348990346
348834439
348766628
348766034
348713983
348325209
348187309
348098641
348091413
347734344
347667190
347496814
347491394
347415968
347230340
347145776
346917313
346909428
346855455
346672021
346103979
346050955
346007000
345919669
345832871
345552913
345528789
345463905
345407739
345353128
345327104
345126322
344898992
344338479
344202666
343995980
343796713
343653727
343369729
343348656
343224800
343019874
342741545
342719871
342367225
342306807
342020774
341693534
341674497
341466338
341237750
341199543
341183048
341016165
340756104
340557717
340356428
340326181
340299944
339861687
339820126
339803867
339558302
339360917
339201004
339056333
338825245
338754265
338631447
338531469
338449534
338346807
338184445
338151957
337997047
337782122
337693895
337575556
337551820
337522085
337502110
337376035
337374023
337355551
337317647
337073777
337024928
336993676
336969854
336960880
336868223
336779369
336616240
336545164
336533875
336497443
336433370
336426144
336354748
336323535
336271120
336242155
336080737
335495352
335419368
335301414
335022663
334994392
334835857
334825919
334731465
334678987
334590357
334576878
334516133
334418265
334302240
334230354
333859239
333745956
333736682
333709799
333662678
333577315
333257180
333028176
332981923
332874915
332826745
332821392
332467395
332243966
332194175
332181414
332111844
331893875
331597107
331449261
331353492
331183868
330837564
330665067
330638366
330515045
330464899
330340795
330149126
330004804
329991626
329643290
329625731
329574619
329541532
329398089
329322388
329266982
328864778
328531488
328509707
328355995
328290200
328127849
327983507
327904086
327726437
327492872
327306521
327288967
327266640
327213935
327134702
327068571
327023977
326791596
326750763
326706729
326528203
326523280
326480219
326160761
325979869
325409040
325358544
325231982
325123790
325095904
324969366
324904596
324714639
324357351
324306516
324162906
324161630
324132425
323902612
323788408
323630652
323624833
323286427
323084470
322790296
322704097
322649493
322617390
322581447
322550105
322545970
322405177
322292910
322258002
322177969
322166556
322045668
322038128
321983161
321921547
321668940
321457140
321398238
321186324
321104546
321061351
321009432
320900810
320807928
320721360
320703666
320537079
320359090
320184034
320182202
319757745
319625212
319492163
319446693
319293587
319276527
319270243
319152321
319024897
318980933
318980760
318814046
318530531
318265974
317941595
317827276
317761821
317711121
317346802
317150982
317088597
316929272
316813038
316630578
316490441
316103434
315760047
315649578
315582343
315578517
315246068
315127984
315053787
315009629
314969280
314825806
314686585
314680315
314669573
314539012
314506342
314373952
314353142
314310917
314032408
313749583
313660998
313639109
313629430
313597369
313539205
313455807
313394226
313334039
312572060
312392120
312237138
312099867
311991032
311768036
311682230
311509496
311407855
311302458
311242350
311087397
311084805
310865969
310674498
310657532
310641058
310557125
310507719
310503446
310337664
310308011
310195172
309973518
309925999
309921781
309585827
309512574
309417097
309400250
309380199
309347147
309295494
309292780
309230570
309190261
309108942
309033505
308971596
308652644
308534703
308282084
308025464
307957139
307945826
307748735
307747627
307733008
307592096
307579826
307572770
307507874
307382159
307360090
307292895
307028309
306973927
306936979
306936515
306719251
306592803
306567942
306523131
306487687
306007809
305989252
305760334
304717793
304463928
304036366
304001078
303916435
303793758
303707001
303619299
303442336
303404317
303246150
302990573
302800808
302631809
302561088
302370084
302258643
302128808
301821025
301773224
301768051
301700436
301576731
301241151
301010190
300848237
300523435
300436714
300370837
299665849
299491723
299422656
299412397
299106901
299030306
298985334
298905459
298712225
298710091
298709365
298599513
298538042
298537545
298496886
298410442
298328095
297753783
297656393
297563500
297559796
297077897
297048994
297029602
296912057
296558162
296504748
296218786
295896006
295767679
295740295
295730899
295614417
295610666
295523447
295458765
295374419
295275301
295193049
295003144
294920713
294795688
294447316
294321465
294163164
294113071
294093828
293698287
293391307
293348714
293258639
293254965
293019846
292984773
292902959
292515147
292475489
292469313
292361812
292188094
292108950
292062544
292038202
292023423
291973061
291832124
291715885
291684402
291601146
291590695
290969788
290872492
290752488
290743237
290654042
290648604
290582761
290541067
290416627
290064658
290005491
289778859
289609630
289482069
289051576
288964154
288958882
288635344
288611251
288443336
288437773
288399246
288364346
288351131
288317878
288264369
288159802
288145518
288138037
288052458
288008755
287779841
287776559
287772738
287390490
287263834
287261419
286935652
286887322
286861594
286185052
286072160
285767420
285485437
285480673
285475358
285453813
285409625
285376669
285141210
285125398
284855310
284773740
284442493
284412907
284205045
283955922
283815056
283795920
283691151
283583734
283538026
283509302
283448416
283355601
283256724
283139599
283040286
283004497
282980817
282732241
282605892
282432052
282417099
281938202
281861616
281801181
281791886
281779928
281732742
281700289
281643593
281621314
281586230
281512200
281418869
281332930
281321874
281243395
281209326
281108818
280621691
280436004
280260249
280174607
280145231
280048726
280046449
280038805
280011034
279935793
279882873
279591292
279556369
279479009
279478082
279436823
279346824
279094032
279026481
279005847
278907127
278778923
278648811
278561727
278529279
278502043
278115007
278102380
278032479
277930490
277855129
277589628
277558259
277472011
277302049
277243112
277215750
277008571
276980679
276958670
276828902
276284544
275884483
275703667
275487992
275216316
275203487
275042193
274947264
274711547
274650446
274547426
274331207
274258134
273767004
273328998
273180242
273163983
272993678
272639034
272458116
272448178
272302782
272163398
271400419
271346755
271331479
270888543
270863627
270571190
270230602
270152455
270006590
270006577
269841164
269787989
269717032
269580798
269233939
269149376
269018277
268904120
268746224
268706101
268681301
268671419
268556813
268365073
268031270
267909095
267655699
267496640
267312676
267152762
267148614
267116522
267080088
267018417
266963211
266870612
266775461
266420069
266370739
266348911
266339135
266333569
265982168
265925802
265820119
265765510
265764142
265630149
265424202
265379372
265337533
265307612
265235147
265189634
264943927
264913949
264898449
264867035
264718247
264471898
264458280
264283450
264193104
264158521
263962196
263903629
263894729
263727586
263658880
263530116
263453497
263290625
263218024
263047781
262896570
262854500
262826048
262772128
262728706
262499421
262486670
262475183
262447794
262437103
262429718
262384097
262316156
262311277
262218664
262202896
262194835
262101944
262094662
261927093
261890150
261774673
261613160
261519708
261472061
261210825
261190036
261165757
261000449
260703690
260454116
260401583
260360115
260317156
259703900
259677943
259559716
259002635
258757448
258632879
258617483
258452881
258383825
258361749
258257019
258238100
258160115
258131093
258130272
258078305
258018169
258004680
257984166
257936096
257855214
257727245
257520898
257475731
257466232
257242737
257112957
257070254
257066319
256891753
256803881
256730893
256719342
256598246
256536568
256528219
256430086
256310637
256253836
256244957
256143864
255897264
255603167
255494296
255428635
255364872
255306322
255259136
255062825
255029293
255015583
254733554
254507094
254467223
254396385
254212342
254044377
253927254
253890987
253788466
253785853
253643872
253642557
253597194
253420854
252876367
252794123
252646115
252631041
252549044
252257240
252168351
252022170
252012789
252009778
251989005
251915013
251798609
251732978
251650014
251573111
251441782
251407045
251372635
251187951
251185747
251178533
250897510
250867394
250853858
250849509
250601962
250466945
250190116
250176948
250128358
249863515
249205919
249018458
248979945
248903271
248800006
248703549
248667968
248544973
248321236
248314197
248311770
248052591
248002263
247861029
247808505
247645985
247469548
247349677
247026328
246881980
246811626
246664890
246644879
246380320
246308692
246118485
246085612
246023506
246008977
245975451
245817826
245781113
245736948
245678037
245577453
245519381
245474492
245308247
245305983
245238703
245124340
244996971
244981105
244671341
244618976
244560205
244501436
244497840
244455928
244029003
243829789
243692518
243632409
243531435
243488889
243326370
243220150
243210783
243056578
242950090
242872853
242853982
242818863
242768666
242767369
242501918
242282809
241814931
241665883
241424653
241087914
241065170
241030497
240867148
240865603
240838681
240757278
240685404
240563704
240442964
240396469
240363360
240028456
239616338
239462790
239294549
239288832
239253309
239191472
239155837
239142585
239051260
238869753
238856383
238567589
238259124
238196870
238167469
238050763
237951992
237786484
237674363
237622996
237507276
237243281
237163777
237123753
237022976
236816843
236737907
236729464
236670652
236415312
236383971
236295418
236182570
236114018
235987551
235829279
235601747
235542937
235517223
235486418
235441618
235385610
235344072
235304846
235167501
234586956
234519952
234501727
234386604
234061494
233990072
233986474
233917811
233912810
233876872
233684387
232966593
232835312
232676359
232590095
232373416
232295797
232144263
231931001
231793472
231611033
231337536
231209343
231137957
231129656
231099021
230784419
230781840
230250762
230217194
230013389
229951189
229936187
229572169
229458188
229388863
229349982
228874466
228326684
228310684
228149030
228146812
228005775
227981142
227946758
227917917
227897179
227740119
227733164
227713301
227288600
227254136
227176937
227166124
227145439
227116837
227102468
227084285
227076756
227075847
226992506
226803906
226803375
226729454
226306701
226217713
226007194
225787482
225765831
225550163
225362508
225358756
225214113
225183867
225173137
224862714
224800804
224558985
224332166
224318888
224305268
224136729
224123156
223860651
223832540
223611085
223575283
223139426
223130776
223008278
222969137
222852425
222484329
222370905
222267296
222257147
222176741
222107013
222096254
221923257
221812236
221799116
221739111
221592583
221460504
221271245
221207719
221128303
220942461
220745714
220713555
220704199
220657931
220520705
220224152
220113163
220007605
219992607
219797790
219776970
219715606
219283436
219225013
219156076
218897558
218887597
218845545
218729303
218687816
218596900
218489931
218384206
218337548
218203835
218144646
218015662
217909543
217904299
217819720
217751386
217705940
217649060
217609513
217600112
217457927
217430808
217402750
217321175
217282609
217201580
217034326
216818520
216776210
216760867
216693589
216590644
216554108
216499944
216255332
216192441
216109908
216036372
215815719
215799923
215752311
215460841
215430924
215390811
215132058
214935933
214779577
214758329
214730304
214724815
214693704
214690441
214620985
214428324
214214763
214184661
214038484
214035970
213877548
213616106
213610610
213579076
213333837
213168656
213108215
212979655
212782522
212634760
212430007
212189653
211942187
211906990
211786475
211739342
211473043
211461029
211299653
211071437
211029499
210964182
210942888
210934602
210786758
210629059
210465553
210402182
210368283
210245888
210231345
210107087
210105515
209980850
209937073
209648818
209618573
209563813
209533576
209519791
208914993
208874027
208853363
208830362
208589829
208560870
208475760
208441580
208354193
208344204
208189721
208036213
208034663
207885376
207757029
207597970
207583943
207255723
207140603
207135434
206197553
206157588
205816096
205731754
205652517
205590878
205535963
205476979
205231847
205191793
205078519
204902744
204519084
204507616
204433045
204292131
204176995
204043890
203986829
203759653
203572370
203571240
203514633
203481437
203348886
203292691
203268921
203254113
203229384
203157721
203144827
203113339
203043839
202968011
202861813
202822130
202652503
202632991
202610656
202569084
202564575
202432429
202380633
202247620
202173039
201971638
201919728
201765599
201751277
201476908
201455695
201386728
201290200
201287170
200942333
200870349
200823975
200808611
200459641
200413405
200309842
199817818
199577128
199264830
199183890
199167052
199141715
199140065
199088526
198941026
198638159
198553170
198519261
198304528
198293203
198242057
198240456
198093076
197659493
197642630
197523108
197513412
197493542
197437536
196989307
196817806
196798836
196507484
196375873
196202226
196197218
195950797
195944383
195924997
195477110
195395123
195180254
195146667
195125613
195122359
194924401
194803172
194451822
194351040
194350576
194294148
194109414
193883441
193772384
193716179
193571584
193459357
193229126
193223641
193046850
192930807
192888250
192788418
192764011
192550669
192362928
192305665
192252407
192228375
192124871
192108729
192050423
191853745
191594950
191464602
191457492
191441556
191419540
191240980
191100822
191040996
190892829
190738012
190570952
190500515
190258042
190167672
190084388
190061560
189613803
189551180
189479505
189477576
189415591
189277857
189185918
189181436
189103946
188906656
188896698
188875017
188862390
188814977
188673834
188596639
188559400
188435085
188097564
187706350
187666744
187393940
187264581
186957695
186516499
186507157
186391312
186369077
186330090
186160455
185985295
185909836
185652125
185637273
185619014
185501189
185462037
185455910
185298176
185296973
184642581
184595078
184372691
184324131
184194358
184168802
184079817
183902117
183893349
183598459
183271093
183027324
182969596
182897804
182668365
182435246
182416085
182387106
182106250
181853599
181700356
181563851
181463416
181431895
181374942
181343530
181277469
181127983
180973388
180958987
180949112
180616754
180550845
180441652
180276720
180256527
180164647
180144680
180036992
179658945
179594173
179570047
179509161
179337398
179182579
179047342
178985062
178916027
178809090
178784126
178498937
178376549
178369761
178354732
178199602
178165431
178054422
177929072
177622936
177159202
177103858
177064152
176871349
176432954
176368754
176332843
176279867
176265753
176193586
176192820
176142978
176028978
176001744
175940452
175896357
175826263
175693016
175605374
175605095
175470666
175457675
175285292
175112082
174836173
174574156
174417783
174349324
174104619
173987944
173914621
173871459
173830385
173822591
173820833
173591094
173441014
173236750
173180980
173106607
173066542
172899529
172893842
172881439
172762478
172599566
172592873
172575113
172358069
172348327
172347827
172080508
171888578
171872149
171590512
171079988
170904018
170832315
170462205
170324361
170067529
169922590
169834177
169572258
169213727
169106201
168974632
168910648
168887199
168848778
168843370
168829763
168817063
168748766
168588608
167989510
167871134
167866081
167815562
167806912
167744206
167699500
167638650
167511571
167297778
167237912
167054984
167017764
167011431
166971239
166799710
166448705
166247498
166122549
165972516
165730567
165304618
165206223
165165205
164906321
164788629
164646485
164227872
164196808
164159767
164049693
163934200
163917625
163822563
163817702
163737239
163422929
162404094
162342884
162251815
162249306
162200893
161934552
161292208
161161967
160918310
160661471
160646633
160568315
160529421
160218780
160203610
160159736
160100444
160087083
159991517
159876651
159721984
159475483
159440811
159366784
159349812
159297489
159267729
159153273
159047607
158992616
158317583
158140459
158040421
158023254
157963632
157911206
157840968
157590538
157436255
157405695
157327377
157176223
156910620
156889022
156831418
156820868
156668994
156657941
156612828
156497522
156196336
156135283
156118994
156115560
156061958
155890112
155724010
155546570
155458692
155443516
155411012
155112836
155009596
154669627
154595861
154582180
154565356
154415414
154239933
154161967
153904110
153902937
153855226
153719105
153514071
153289074
153266255
153203232
153188030
152951536
152901899
152741434
152553280
152533711
152496024
152059500
151741302
151716326
151583633
151505912
151338521
151061513
151032204
150988737
150944214
150775512
150649435
150585154
150567995
150553881
150515943
150415814
150309604
150204494
150110635
150087774
150017441
149823613
149719387
149711793
149693493
149599869
149307376
149290835
149120147
148983332
148916935
148855200
148837715
148769655
148763275
148243440
148143361
147852041
147475258
147436622
147240426
147230238
147205996
147152607
146771897
146659440
146571958
146569234
146321050
146131098
146106019
146093207
146002214
145993241
145934466
145817908
145803334
145740899
145565538
145508893
145350380
144867628
144515785
144509365
144486896
144438366
144381802
144296160
144264895
144183764
144102634
144089149
143990430
143894879
143888640
143872163
143781322
143627846
143490604
143478286
143430784
143326865
143038854
142994639
142903273
142759103
142465541
142459824
142361921
141973842
141760969
141742352
141720941
141291629
141109514
141101041
141089103
140941812
140442119
140351793
140311151
140304419
140262904
140098921
139956402
139940273
139759896
139743951
139715729
139708531
139701937
139669842
139460399
139346759
139207390
139176875
139166252
139021379
138950725
138879921
138660224
138264906
137688790
137630778
137518160
137316059
137059681
137017099
136851860
136825537
136603472
136560319
136205667
136113707
135989382
135891767
135724044
135617311
135349454
135256900
135245872
135181877
134986329
134886489
134723208
134722282
134700828
134612068
134439112
134434986
134290447
134212457
134201116
134048773
133875819
133638543
133472776
133450307
133399029
133317083
133307557
133189985
133130577
133074812
133070105
132834342
132823617
132784798
132688641
132646797
132553931
132541693
132512161
132465157
132461699
132377458
132222051
132200436
132133747
132102875
132084406
131946784
131906322
131885752
131776813
131619054
131570459
131374268
131176843
131108892
131105390
131063902
130798617
130680029
130254994
130140546
129968889
129942653
129696209
129506908
129283413
129217920
129021353
128771575
128768513
128698190
128490934
128463060
128219495
128044588
127941539
127933756
127770616
127715627
127448629
127229649
127138208
127049739
126791373
126569016
126559642
126472773
126458869
126331224
126246186
126050928
126025350
125946013
125819992
125757359
125633284
125431663
125392360
125380098
125311764
125290627
125179217
124919077
124568292
124395975
124323455
124263273
124192811
123965050
123946229
123798302
123516129
123495597
123415084
123039879
122929439
122745537
122649758
122509644
122328071
122265240
122240959
121770673
121754855
121645604
121615187
121456769
121360611
121183909
121115104
121076444
121025834
120929663
120651328
120551135
120467233
120410687
120405107
120256646
120112281
120076243
119839886
119686654
119617413
119271600
119000670
118905087
118807855
118761363
118708404
118466093
118343777
118149967
118094801
117649751
117635152
117600053
117366262
117288463
117152676
117041085
116994217
116878176
116842595
116521196
116175109
116172073
116076742
115910738
115841120
115697951
115584172
115556320
115411089
115345005
115285053
115129574
114922753
114712991
114561280
114530436
114486363
114344651
114171627
114039219
114038664
113938900
113678232
113629455
113592430
113489361
113476263
113315438
113221914
113097283
113058454
112905954
112848820
112646836
112474803
112452971
112392432
112356984
112156438
111697249
111577537
111558938
111535983
111528595
111506886
111345071
111114871
110998147
110751024
110696930
110411476
110311239
110083534
110028135
109456059
109430283
109359988
109252659
109124653
108970152
108945852
108799846
108668812
108565430
108079664
107848749
107288871
107217226
106707428
106660542
106423785
106261963
106239094
106105187
106094823
106083209
105995457
105791095
105560036
105526439
105331245
105292506
105239117
105156189
105036263
104918697
104819707
104617085
104578849
104545417
104434164
104182811
104117499
104079683
104078571
103963930
103926065
103846348
103593535
103585794
103557216
103549528
103443453
103309029
103255524
103069700
102997683
102899577
102710628
102644691
102273297
101988241
101954189
101932087
101791461
101751240
101740617
101738067
101706841
101705259
101679406
101590598
101548831
101477476
101310939
101292825
101136436
100999405
100961466
100928514
100915771
100914820
100846926
100383525
100328120
100263034
99894146
99830592
99734353
99678727
99422282
99398284
99039071
98997522
98923808
98796741
98770546
98603789
98399012
98076557
97908949
97832685
97760623
97722590
97626315
97502295
97456933
97449898
97133099
96905315
96691532
96689977
96387316
96323787
96160703
96072944
95913602
95873399
95651236
95460150
95188708
95026985
94863161
94819337
94662400
94575656
94525849
94403194
94365227
94360032
94228529
94145363
94059470
94043589
93983909
93697329
93470109
93418885
93320049
93135717
93048273
92866558
92860869
92668108
92622882
92391194
92259595
92070852
91938438
91505453
91374881
91117591
91098421
91039912
91024545
90850512
90772465
90690165
90494379
90415636
90388140
90332028
90270129
90253964
90206379
90139778
90093560
90091701
90071817
90003896
89986637
89935973
89853557
89672739
89632512
89503439
89384492
89222816
89115705
89003722
88995367
88941511
88928034
88876509
88818723
88794259
88790379
88710712
88692932
88591680
88587693
88192184
88187896
88078694
87928650
87860347
87739303
87662454
87495764
87481059
87415686
87353938
87325631
87294903
87251015
87210268
87070083
87042341
86905661
86647197
86645138
86261617
86235558
86021342
85758598
85719091
85617285
85488141
85468684
85437304
85104685
84778716
84764490
84654594
84491590
84472827
84414842
84401410
84394203
84362771
84316924
84284815
84210209
84207304
84156474
84054126
84027936
83984760
83914791
83316713
83298571
83246469
83102162
83054352
82972220
82880070
82604174
82555046
82509295
82496250
82496206
82370449
82222360
82029671
81777168
81756328
81691362
81564164
81483601
81360292
81132617
80965799
80963482
80704014
80634860
80533883
80434360
80413319
80375017
79374150
78941513
78754045
78652966
78633838
78614417
77969085
77642480
77520838
77503224
77350799
77347229
77343929
77290226
77273145
77087660
77062638
77012353
77003012
76867338
76791487
76770099
76704378
76425043
76418187
76371567
76140294
76074911
75985808
75864567
75813342
75557471
75370885
74916660
74842151
74703600
74623418
74109552
74065989
73989478
73876640
73270289
73145751
72971501
72800678
72778640
72760834
72681494
72607130
72592747
72303990
72193650
72179663
72101788
72098029
72029375
71930195
71891394
71860380
71725923
71412896
71392162
71270342
71207214
71173586
71137200
70900678
70475695
70392226
70386261
70357613
70314838
70200761
70098934
70016855
69922936
69818883
69752450
69642082
69569686
69521260
69387587
69079450
69047906
68907556
68878901
68750445
68624050
68605142
68593303
68435691
68320978
68150200
68092268
67972828
67947749
67881782
67863104
67774815
67691125
67680045
67480724
67393233
67242265
67210281
67097472
67066672
66848756
66763846
66541771
66512952
66492466
66488240
66483062
66476138
66237111
66104442
66070361
65876474
65835293
65764669
65700229
65330705
65308797
65286745
64648111
64420564
64166858
64166710
64152768
63593291
63253013
63252261
63149175
62991333
62954895
62930339
62594117
62491185
62350840
62175285
62083324
62041359
61970584
61517506
61420738
61364745
61331713
61327602
61305548
61231395
61178184
61140311
60850683
60783012
60657520
60570507
60443056
60259348
60048022
60034706
59993630
59813854
59656983
59449351
59344899
59211148
59203726
59199191
59147827
59005882
58973165
58881877
58839372
57777155
57565603
57546084
57510240
57363259
57215085
57209167
57159536
57111125
56950628
56839317
56821324
56612273
56528101
56421295
56394613
55971678
55777337
55518466
55389450
55301753
55138725
55119909
54933507
54789202
54542881
54457896
54446176
54238099
54147232
53901524
53701339
53616194
53562172
53467037
53342952
53312627
53299739
53283042
53259449
53216113
53192491
53174047
53122024
53117203
53089522
53066626
52742542
52681481
52661528
52252029
52228405
52046181
52004690
51922500
51890526
51745203
51403168
51348950
51337571
50973315
50964723
50704927
50425062
50265048
49770890
49540190
48953887
48898530
48886465
48818428
48775734
48659483
48477661
48387093
48313683
48263925
48160926
47923001
47776621
47733570
47723572
47580649
47512050
47193704
47148077
47126535
46802769
46694563
46672559
46253596
46065697
46028018
45606686
45281842
45185387
45162835
45144002
44930522
44756005
44718126
44581418
44561520
44211941
44046245
44010064
43986013
43808721
43763257
43748906
43493676
43424889
43111403
42937703
42789850
42675130
42651583
42576440
42091031
41798312
41775198
41719857
41718363
41612977
41596324
41525581
41503682
41429223
41410321
41294820
40932249
40851664
40788943
40769654
40535049
40530503
40458060
40342812
40306004
40257989
40168050
40094585
39996626
39782991
39771936
39594781
39544847
39328476
39197787
38854946
38791256
38576465
38296342
37889606
37780482
37703545
37627299
37427201
36915008
36878682
36871542
36865189
36834720
36696564
36588545
36498258
36486291
36168308
36036501
35979504
35794881
35691657
35497567
35437349
35394907
35387223
35248271
35241526
35157562
35096817
35059042
34989970
34921716
34915290
34839680
34801771
34647359
34396368
34304383
34301949
33739946
33727027
33686758
33647422
33561384
33474846
33461147
33410158
33398869
33311394
33245806
33182703
32910502
32905968
32627909
32518069
32453364
32439429
32301484
31684369
31605014
31190060
31176459
31098356
31068835
31065465
31012658
30931882
30889301
30635600
30567607
30345034
30338170
30332170
30319549
30014230
29983025
29654920
29476574
29378525
29227839
28623185
28456480
28407367
28376991
28361930
28184636
28104096
28085300
27959916
27953947
27855672
27809796
27759377
27654823
27635288
27352775
27336967
27239224
27163912
27130282
27108593
26968060
26888489
26856174
26814877
26703032
26688564
26674808
26467056
26213062
26161685
25962886
25818296
25599617
25563126
25322315
25315943
24638136
24625417
24497461
24369349
24353378
24250773
24242941
24088886
23887559
23842018
23272170
23218762
23193153
23135659
23079641
23045464
22765387
22748374
22499914
22345353
22233274
22199519
22120716
22109406
21477433
21391138
21270434
21216825
20974588
20946805
20798201
20688476
20545327
20441215
20182617
19908247
19762932
19664366
19610299
19381155
19328208
18840672
18478627
18463642
18404205
18375267
18204522
17897584
17776657
17506190
17379936
17335183
16993332
16897853
16862868
16763584
16760026
16729383
16663361
16662683
16376493
16072945
15962000
15895222
15863547
15823211
15764527
15717532
15289934
15263911
15253566
15127336
15121792
14917621
14684345
14616648
14449848
14311295
14267798
14236152
14181283
14105077
13833068
13675248
13649025
13569648
13165449
13162045
12943169
12940349
12932095
12866986
12859569
12824596
12653962
12592731
12541958
12385304
12320059
12207835
12143885
11542178
11507447
11340421
11298653
11204418
11164221
11150239
11118513
11073041
11032536
10975205
10770864
10700401
10433016
10430766
10261877
10097229
9939217
9455540
9428106
9176535
9093198
8947702
8863464
8540123
8425332
8373686
8258974
8235722
8231471
8150116
8141535
7899957
7516622
7405989
7327407
7291561
7290505
7206232
7189778
6979292
6927556
6910382
6403955
6351960
6271276
6195489
5982840
5964474
5801323
5644300
5400891
5256519
4932723
4920998
4508696
3862625
3626559
3617635
3468321
3299837
3190208
3179494
3149382
3142461
3046303
3015616
2987821
2674977
2350409
2275803
2087425
2035614
1860387
1847801
1671574
1663452
1638573
1514778
1400362
1157499
976872
838262
836620
815022
785456
366584
331446
323070
194215
