194215
323070
331446
366584
785456
815022
836620
838262
976872
1157499
1400362
1514778
1638573
1663452
1671574
1847801
1860387
2035614
2087425
2275803
2350409
2674977
2987821
3015616
3046303
3142461
3149382
3179494
3190208
3299837
3468321
3617635
3626559
3862625
4508696
4920998
4932723
5256519
5400891
5644300
5801323
5964474
5982840
6195489
6271276
6351960
6403955
6910382
6927556
6979292
7189778
7206232
7290505
7291561
7327407
7405989
7516622
7899957
8141535
8150116
8231471
8235722
8258974
8373686
8425332
8540123
8863464
8947702
9093198
9176535
9428106
9455540
9939217
10097229
10261877
10430766
10433016
10700401
10770864
10975205
11032536
11073041
11118513
11150239
11164221
11204418
11298653
11340421
11507447
11542178
12143885
12207835
12320059
12385304
12541958
12592731
12653962
12824596
12859569
12866986
12932095
12940349
12943169
13162045
13165449
13569648
13649025
13675248
13833068
14105077
14181283
14236152
14267798
14311295
14449848
14616648
14684345
14917621
15121792
15127336
15253566
15263911
15289934
15717532
15764527
15823211
15863547
15895222
15962000
16072945
16376493
16662683
16663361
16729383
16760026
16763584
16862868
16897853
16993332
17335183
17379936
17506190
17776657
17897584
18204522
18375267
18404205
18463642
18478627
18840672
19328208
19381155
19610299
19664366
19762932
19908247
20182617
20441215
20545327
20688476
20798201
20946805
20974588
21216825
21270434
21391138
21477433
22109406
22120716
22199519
22233274
22345353
22499914
22748374
22765387
23045464
23079641
23135659
23193153
23218762
23272170
23842018
23887559
24088886
24242941
24250773
24353378
24369349
24497461
24625417
24638136
25315943
25322315
25563126
25599617
25818296
25962886
26161685
26213062
26467056
26674808
26688564
26703032
26814877
26856174
26888489
26968060
27108593
27130282
27163912
27239224
27336967
27352775
27635288
27654823
27759377
27809796
27855672
27953947
27959916
28085300
28104096
28184636
28361930
28376991
28407367
28456480
28623185
29227839
29378525
29476574
29654920
29983025
30014230
30319549
30332170
30338170
30345034
30567607
30635600
30889301
30931882
31012658
31065465
31068835
31098356
31176459
31190060
31605014
31684369
32301484
32439429
32453364
32518069
32627909
32905968
32910502
33182703
33245806
33311394
33398869
33410158
33461147
33474846
33561384
33647422
33686758
33727027
33739946
34301949
34304383
34396368
34647359
34801771
34839680
34915290
34921716
34989970
35059042
35096817
35157562
35241526
35248271
35387223
35394907
35437349
35497567
35691657
35794881
35979504
36036501
36168308
36486291
36498258
36588545
36696564
36834720
36865189
36871542
36878682
36915008
37427201
37627299
37703545
37780482
37889606
38296342
38576465
38791256
38854946
39197787
39328476
39544847
39594781
39771936
39782991
39996626
40094585
40168050
40257989
40306004
40342812
40458060
40530503
40535049
40769654
40788943
40851664
40932249
41294820
41410321
41429223
41503682
41525581
41596324
41612977
41718363
41719857
41775198
41798312
42091031
42576440
42651583
42675130
42789850
42937703
43111403
43424889
43493676
43748906
43763257
43808721
43986013
44010064
44046245
44211941
44561520
44581418
44718126
44756005
44930522
45144002
45162835
45185387
45281842
45606686
46028018
46065697
46253596
46672559
46694563
46802769
47126535
47148077
47193704
47512050
47580649
47723572
47733570
47776621
47923001
48160926
48263925
48313683
48387093
48477661
48659483
48775734
48818428
48886465
48898530
48953887
49540190
49770890
50265048
50425062
50704927
50964723
50973315
51337571
51348950
51403168
51745203
51890526
51922500
52004690
52046181
52228405
52252029
52661528
52681481
52742542
53066626
53089522
53117203
53122024
53174047
53192491
53216113
53259449
53283042
53299739
53312627
53342952
53467037
53562172
53616194
53701339
53901524
54147232
54238099
54446176
54457896
54542881
54789202
54933507
55119909
55138725
55301753
55389450
55518466
55777337
55971678
56394613
56421295
56528101
56612273
56821324
56839317
56950628
57111125
57159536
57209167
57215085
57363259
57510240
57546084
57565603
57777155
58839372
58881877
58973165
59005882
59147827
59199191
59203726
59211148
59344899
59449351
59656983
59813854
59993630
60034706
60048022
60259348
60443056
60570507
60657520
60783012
60850683
61140311
61178184
61231395
61305548
61327602
61331713
61364745
61420738
61517506
61970584
62041359
62083324
62175285
62350840
62491185
62594117
62930339
62954895
62991333
63149175
63252261
63253013
63593291
64152768
64166710
64166858
64420564
64648111
65286745
65308797
65330705
65700229
65764669
65835293
65876474
66070361
66104442
66237111
66476138
66483062
66488240
66492466
66512952
66541771
66763846
66848756
67066672
67097472
67210281
67242265
67393233
67480724
67680045
67691125
67774815
67863104
67881782
67947749
67972828
68092268
68150200
68320978
68435691
68593303
68605142
68624050
68750445
68878901
68907556
69047906
69079450
69387587
69521260
69569686
69642082
69752450
69818883
69922936
70016855
70098934
70200761
70314838
70357613
70386261
70392226
70475695
70900678
71137200
71173586
71207214
71270342
71392162
71412896
71725923
71860380
71891394
71930195
72029375
72098029
72101788
72179663
72193650
72303990
72592747
72607130
72681494
72760834
72778640
72800678
72971501
73145751
73270289
73876640
73989478
74065989
74109552
74623418
74703600
74842151
74916660
75370885
75557471
75813342
75864567
75985808
76074911
76140294
76371567
76418187
76425043
76704378
76770099
76791487
76867338
77003012
77012353
77062638
77087660
77273145
77290226
77343929
77347229
77350799
77503224
77520838
77642480
77969085
78614417
78633838
78652966
78754045
78941513
79374150
80375017
80413319
80434360
80533883
80634860
80704014
80963482
80965799
81132617
81360292
81483601
81564164
81691362
81756328
81777168
82029671
82222360
82370449
82496206
82496250
82509295
82555046
82604174
82880070
82972220
83054352
83102162
83246469
83298571
83316713
83914791
83984760
84027936
84054126
84156474
84207304
84210209
84284815
84316924
84362771
84394203
84401410
84414842
84472827
84491590
84654594
84764490
84778716
85104685
85437304
85468684
85488141
85617285
85719091
85758598
86021342
86235558
86261617
86645138
86647197
86905661
87042341
87070083
87210268
87251015
87294903
87325631
87353938
87415686
87481059
87495764
87662454
87739303
87860347
87928650
88078694
88187896
88192184
88587693
88591680
88692932
88710712
88790379
88794259
88818723
88876509
88928034
88941511
88995367
89003722
89115705
89222816
89384492
89503439
89632512
89672739
89853557
89935973
89986637
90003896
90071817
90091701
90093560
90139778
90206379
90253964
90270129
90332028
90388140
90415636
90494379
90690165
90772465
90850512
91024545
91039912
91098421
91117591
91374881
91505453
91938438
92070852
92259595
92391194
92622882
92668108
92860869
92866558
93048273
93135717
93320049
93418885
93470109
93697329
93983909
94043589
94059470
94145363
94228529
94360032
94365227
94403194
94525849
94575656
94662400
94819337
94863161
95026985
95188708
95460150
95651236
95873399
95913602
96072944
96160703
96323787
96387316
96689977
96691532
96905315
97133099
97449898
97456933
97502295
97626315
97722590
97760623
97832685
97908949
98076557
98399012
98603789
98770546
98796741
98923808
98997522
99039071
99398284
99422282
99678727
99734353
99830592
99894146
100263034
100328120
100383525
100846926
100914820
100915771
100928514
100961466
100999405
101136436
101292825
101310939
101477476
101548831
101590598
101679406
101705259
101706841
101738067
101740617
101751240
101791461
101932087
101954189
101988241
102273297
102644691
102710628
102899577
102997683
103069700
103255524
103309029
103443453
103549528
103557216
103585794
103593535
103846348
103926065
103963930
104078571
104079683
104117499
104182811
104434164
104545417
104578849
104617085
104819707
104918697
105036263
105156189
105239117
105292506
105331245
105526439
105560036
105791095
105995457
106083209
106094823
106105187
106239094
106261963
106423785
106660542
106707428
107217226
107288871
107848749
108079664
108565430
108668812
108799846
108945852
108970152
109124653
109252659
109359988
109430283
109456059
110028135
110083534
110311239
110411476
110696930
110751024
110998147
111114871
111345071
111506886
111528595
111535983
111558938
111577537
111697249
112156438
112356984
112392432
112452971
112474803
112646836
112848820
112905954
113058454
113097283
113221914
113315438
113476263
113489361
113592430
113629455
113678232
113938900
114038664
114039219
114171627
114344651
114486363
114530436
114561280
114712991
114922753
115129574
115285053
115345005
115411089
115556320
115584172
115697951
115841120
115910738
116076742
116172073
116175109
116521196
116842595
116878176
116994217
117041085
117152676
117288463
117366262
117600053
117635152
117649751
118094801
118149967
118343777
118466093
118708404
118761363
118807855
118905087
119000670
119271600
119617413
119686654
119839886
120076243
120112281
120256646
120405107
120410687
120467233
120551135
120651328
120929663
121025834
121076444
121115104
121183909
121360611
121456769
121615187
121645604
121754855
121770673
122240959
122265240
122328071
122509644
122649758
122745537
122929439
123039879
123415084
123495597
123516129
123798302
123946229
123965050
124192811
124263273
124323455
124395975
124568292
124919077
125179217
125290627
125311764
125380098
125392360
125431663
125633284
125757359
125819992
125946013
126025350
126050928
126246186
126331224
126458869
126472773
126559642
126569016
126791373
127049739
127138208
127229649
127448629
127715627
127770616
127933756
127941539
128044588
128219495
128463060
128490934
128698190
128768513
128771575
129021353
129217920
129283413
129506908
129696209
129942653
129968889
130140546
130254994
130680029
130798617
131063902
131105390
131108892
131176843
131374268
131570459
131619054
131776813
131885752
131906322
131946784
132084406
132102875
132133747
132200436
132222051
132377458
132461699
132465157
132512161
132541693
132553931
132646797
132688641
132784798
132823617
132834342
133070105
133074812
133130577
133189985
133307557
133317083
133399029
133450307
133472776
133638543
133875819
134048773
134201116
134212457
134290447
134434986
134439112
134612068
134700828
134722282
134723208
134886489
134986329
135181877
135245872
135256900
135349454
135617311
135724044
135891767
135989382
136113707
136205667
136560319
136603472
136825537
136851860
137017099
137059681
137316059
137518160
137630778
137688790
138264906
138660224
138879921
138950725
139021379
139166252
139176875
139207390
139346759
139460399
139669842
139701937
139708531
139715729
139743951
139759896
139940273
139956402
140098921
140262904
140304419
140311151
140351793
140442119
140941812
141089103
141101041
141109514
141291629
141720941
141742352
141760969
141973842
142361921
142459824
142465541
142759103
142903273
142994639
143038854
143326865
143430784
143478286
143490604
143627846
143781322
143872163
143888640
143894879
143990430
144089149
144102634
144183764
144264895
144296160
144381802
144438366
144486896
144509365
144515785
144867628
145350380
145508893
145565538
145740899
145803334
145817908
145934466
145993241
146002214
146093207
146106019
146131098
146321050
146569234
146571958
146659440
146771897
147152607
147205996
147230238
147240426
147436622
147475258
147852041
148143361
148243440
148763275
148769655
148837715
148855200
148916935
148983332
149120147
149290835
149307376
149599869
149693493
149711793
149719387
149823613
150017441
150087774
150110635
150204494
150309604
150415814
150515943
150553881
150567995
150585154
150649435
150775512
150944214
150988737
151032204
151061513
151338521
151505912
151583633
151716326
151741302
152059500
152496024
152533711
152553280
152741434
152901899
152951536
153188030
153203232
153266255
153289074
153514071
153719105
153855226
153902937
153904110
154161967
154239933
154415414
154565356
154582180
154595861
154669627
155009596
155112836
155411012
155443516
155458692
155546570
155724010
155890112
156061958
156115560
156118994
156135283
156196336
156497522
156612828
156657941
156668994
156820868
156831418
156889022
156910620
157176223
157327377
157405695
157436255
157590538
157840968
157911206
157963632
158023254
158040421
158140459
158317583
158992616
159047607
159153273
159267729
159297489
159349812
159366784
159440811
159475483
159721984
159876651
159991517
160087083
160100444
160159736
160203610
160218780
160529421
160568315
160646633
160661471
160918310
161161967
161292208
161934552
162200893
162249306
162251815
162342884
162404094
163422929
163737239
163817702
163822563
163917625
163934200
164049693
164159767
164196808
164227872
164646485
164788629
164906321
165165205
165206223
165304618
165730567
165972516
166122549
166247498
166448705
166799710
166971239
167011431
167017764
167054984
167237912
167297778
167511571
167638650
167699500
167744206
167806912
167815562
167866081
167871134
167989510
168588608
168748766
168817063
168829763
168843370
168848778
168887199
168910648
168974632
169106201
169213727
169572258
169834177
169922590
170067529
170324361
170462205
170832315
170904018
171079988
171590512
171872149
171888578
172080508
172347827
172348327
172358069
172575113
172592873
172599566
172762478
172881439
172893842
172899529
173066542
173106607
173180980
173236750
173441014
173591094
173820833
173822591
173830385
173871459
173914621
173987944
174104619
174349324
174417783
174574156
174836173
175112082
175285292
175457675
175470666
175605095
175605374
175693016
175826263
175896357
175940452
176001744
176028978
176142978
176192820
176193586
176265753
176279867
176332843
176368754
176432954
176871349
177064152
177103858
177159202
177622936
177929072
178054422
178165431
178199602
178354732
178369761
178376549
178498937
178784126
178809090
178916027
178985062
179047342
179182579
179337398
179509161
179570047
179594173
179658945
180036992
180144680
180164647
180256527
180276720
180441652
180550845
180616754
180949112
180958987
180973388
181127983
181277469
181343530
181374942
181431895
181463416
181563851
181700356
181853599
182106250
182387106
182416085
182435246
182668365
182897804
182969596
183027324
183271093
183598459
183893349
183902117
184079817
184168802
184194358
184324131
184372691
184595078
184642581
185296973
185298176
185455910
185462037
185501189
185619014
185637273
185652125
185909836
185985295
186160455
186330090
186369077
186391312
186507157
186516499
186957695
187264581
187393940
187666744
187706350
188097564
188435085
188559400
188596639
188673834
188814977
188862390
188875017
188896698
188906656
189103946
189181436
189185918
189277857
189415591
189477576
189479505
189551180
189613803
190061560
190084388
190167672
190258042
190500515
190570952
190738012
190892829
191040996
191100822
191240980
191419540
191441556
191457492
191464602
191594950
191853745
192050423
192108729
192124871
192228375
192252407
192305665
192362928
192550669
192764011
192788418
192888250
192930807
193046850
193223641
193229126
193459357
193571584
193716179
193772384
193883441
194109414
194294148
194350576
194351040
194451822
194803172
194924401
195122359
195125613
195146667
195180254
195395123
195477110
195924997
195944383
195950797
196197218
196202226
196375873
196507484
196798836
196817806
196989307
197437536
197493542
197513412
197523108
197642630
197659493
198093076
198240456
198242057
198293203
198304528
198519261
198553170
198638159
198941026
199088526
199140065
199141715
199167052
199183890
199264830
199577128
199817818
200309842
200413405
200459641
200808611
200823975
200870349
200942333
201287170
201290200
201386728
201455695
201476908
201751277
201765599
201919728
201971638
202173039
202247620
202380633
202432429
202564575
202569084
202610656
202632991
202652503
202822130
202861813
202968011
203043839
203113339
203144827
203157721
203229384
203254113
203268921
203292691
203348886
203481437
203514633
203571240
203572370
203759653
203986829
204043890
204176995
204292131
204433045
204507616
204519084
204902744
205078519
205191793
205231847
205476979
205535963
205590878
205652517
205731754
205816096
206157588
206197553
207135434
207140603
207255723
207583943
207597970
207757029
207885376
208034663
208036213
208189721
208344204
208354193
208441580
208475760
208560870
208589829
208830362
208853363
208874027
208914993
209519791
209533576
209563813
209618573
209648818
209937073
209980850
210105515
210107087
210231345
210245888
210368283
210402182
210465553
210629059
210786758
210934602
210942888
210964182
211029499
211071437
211299653
211461029
211473043
211739342
211786475
211906990
211942187
212189653
212430007
212634760
212782522
212979655
213108215
213168656
213333837
213579076
213610610
213616106
213877548
214035970
214038484
214184661
214214763
214428324
214620985
214690441
214693704
214724815
214730304
214758329
214779577
214935933
215132058
215390811
215430924
215460841
215752311
215799923
215815719
216036372
216109908
216192441
216255332
216499944
216554108
216590644
216693589
216760867
216776210
216818520
217034326
217201580
217282609
217321175
217402750
217430808
217457927
217600112
217609513
217649060
217705940
217751386
217819720
217904299
217909543
218015662
218144646
218203835
218337548
218384206
218489931
218596900
218687816
218729303
218845545
218887597
218897558
219156076
219225013
219283436
219715606
219776970
219797790
219992607
220007605
220113163
220224152
220520705
220657931
220704199
220713555
220745714
220942461
221128303
221207719
221271245
221460504
221592583
221739111
221799116
221812236
221923257
222096254
222107013
222176741
222257147
222267296
222370905
222484329
222852425
222969137
223008278
223130776
223139426
223575283
223611085
223832540
223860651
224123156
224136729
224305268
224318888
224332166
224558985
224800804
224862714
225173137
225183867
225214113
225358756
225362508
225550163
225765831
225787482
226007194
226217713
226306701
226729454
226803375
226803906
226992506
227075847
227076756
227084285
227102468
227116837
227145439
227166124
227176937
227254136
227288600
227713301
227733164
227740119
227897179
227917917
227946758
227981142
228005775
228146812
228149030
228310684
228326684
228874466
229349982
229388863
229458188
229572169
229936187
229951189
230013389
230217194
230250762
230781840
230784419
231099021
231129656
231137957
231209343
231337536
231611033
231793472
231931001
232144263
232295797
232373416
232590095
232676359
232835312
232966593
233684387
233876872
233912810
233917811
233986474
233990072
234061494
234386604
234501727
234519952
234586956
235167501
235304846
235344072
235385610
235441618
235486418
235517223
235542937
235601747
235829279
235987551
236114018
236182570
236295418
236383971
236415312
236670652
236729464
236737907
236816843
237022976
237123753
237163777
237243281
237507276
237622996
237674363
237786484
237951992
238050763
238167469
238196870
238259124
238567589
238856383
238869753
239051260
239142585
239155837
239191472
239253309
239288832
239294549
239462790
239616338
240028456
240363360
240396469
240442964
240563704
240685404
240757278
240838681
240865603
240867148
241030497
241065170
241087914
241424653
241665883
241814931
242282809
242501918
242767369
242768666
242818863
242853982
242872853
242950090
243056578
243210783
243220150
243326370
243488889
243531435
243632409
243692518
243829789
244029003
244455928
244497840
244501436
244560205
244618976
244671341
244981105
244996971
245124340
245238703
245305983
245308247
245474492
245519381
245577453
245678037
245736948
245781113
245817826
245975451
246008977
246023506
246085612
246118485
246308692
246380320
246644879
246664890
246811626
246881980
247026328
247349677
247469548
247645985
247808505
247861029
248002263
248052591
248311770
248314197
248321236
248544973
248667968
248703549
248800006
248903271
248979945
249018458
249205919
249863515
250128358
250176948
250190116
250466945
250601962
250849509
250853858
250867394
250897510
251178533
251185747
251187951
251372635
251407045
251441782
251573111
251650014
251732978
251798609
251915013
251989005
252009778
252012789
252022170
252168351
252257240
252549044
252631041
252646115
252794123
252876367
253420854
253597194
253642557
253643872
253785853
253788466
253890987
253927254
254044377
254212342
254396385
254467223
254507094
254733554
255015583
255029293
255062825
255259136
255306322
255364872
255428635
255494296
255603167
255897264
256143864
256244957
256253836
256310637
256430086
256528219
256536568
256598246
256719342
256730893
256803881
256891753
257066319
257070254
257112957
257242737
257466232
257475731
257520898
257727245
257855214
257936096
257984166
258004680
258018169
258078305
258130272
258131093
258160115
258238100
258257019
258361749
258383825
258452881
258617483
258632879
258757448
259002635
259559716
259677943
259703900
260317156
260360115
260401583
260454116
260703690
261000449
261165757
261190036
261210825
261472061
261519708
261613160
261774673
261890150
261927093
262094662
262101944
262194835
262202896
262218664
262311277
262316156
262384097
262429718
262437103
262447794
262475183
262486670
262499421
262728706
262772128
262826048
262854500
262896570
263047781
263218024
263290625
263453497
263530116
263658880
263727586
263894729
263903629
263962196
264158521
264193104
264283450
264458280
264471898
264718247
264867035
264898449
264913949
264943927
265189634
265235147
265307612
265337533
265379372
265424202
265630149
265764142
265765510
265820119
265925802
265982168
266333569
266339135
266348911
266370739
266420069
266775461
266870612
266963211
267018417
267080088
267116522
267148614
267152762
267312676
267496640
267655699
267909095
268031270
268365073
268556813
268671419
268681301
268706101
268746224
268904120
269018277
269149376
269233939
269580798
269717032
269787989
269841164
270006577
270006590
270152455
270230602
270571190
270863627
270888543
271331479
271346755
271400419
272163398
272302782
272448178
272458116
272639034
272993678
273163983
273180242
273328998
273767004
274258134
274331207
274547426
274650446
274711547
274947264
275042193
275203487
275216316
275487992
275703667
275884483
276284544
276828902
276958670
276980679
277008571
277215750
277243112
277302049
277472011
277558259
277589628
277855129
277930490
278032479
278102380
278115007
278502043
278529279
278561727
278648811
278778923
278907127
279005847
279026481
279094032
279346824
279436823
279478082
279479009
279556369
279591292
279882873
279935793
280011034
280038805
280046449
280048726
280145231
280174607
280260249
280436004
280621691
281108818
281209326
281243395
281321874
281332930
281418869
281512200
281586230
281621314
281643593
281700289
281732742
281779928
281791886
281801181
281861616
281938202
282417099
282432052
282605892
282732241
282980817
283004497
283040286
283139599
283256724
283355601
283448416
283509302
283538026
283583734
283691151
283795920
283815056
283955922
284205045
284412907
284442493
284773740
284855310
285125398
285141210
285376669
285409625
285453813
285475358
285480673
285485437
285767420
286072160
286185052
286861594
286887322
286935652
287261419
287263834
287390490
287772738
287776559
287779841
288008755
288052458
288138037
288145518
288159802
288264369
288317878
288351131
288364346
288399246
288437773
288443336
288611251
288635344
288958882
288964154
289051576
289482069
289609630
289778859
290005491
290064658
290416627
290541067
290582761
290648604
290654042
290743237
290752488
290872492
290969788
291590695
291601146
291684402
291715885
291832124
291973061
292023423
292038202
292062544
292108950
292188094
292361812
292469313
292475489
292515147
292902959
292984773
293019846
293254965
293258639
293348714
293391307
293698287
294093828
294113071
294163164
294321465
294447316
294795688
294920713
295003144
295193049
295275301
295374419
295458765
295523447
295610666
295614417
295730899
295740295
295767679
295896006
296218786
296504748
296558162
296912057
297029602
297048994
297077897
297559796
297563500
297656393
297753783
298328095
298410442
298496886
298537545
298538042
298599513
298709365
298710091
298712225
298905459
298985334
299030306
299106901
299412397
299422656
299491723
299665849
300370837
300436714
300523435
300848237
301010190
301241151
301576731
301700436
301768051
301773224
301821025
302128808
302258643
302370084
302561088
302631809
302800808
302990573
303246150
303404317
303442336
303619299
303707001
303793758
303916435
304001078
304036366
304463928
304717793
305760334
305989252
306007809
306487687
306523131
306567942
306592803
306719251
306936515
306936979
306973927
307028309
307292895
307360090
307382159
307507874
307572770
307579826
307592096
307733008
307747627
307748735
307945826
307957139
308025464
308282084
308534703
308652644
308971596
309033505
309108942
309190261
309230570
309292780
309295494
309347147
309380199
309400250
309417097
309512574
309585827
309921781
309925999
309973518
310195172
310308011
310337664
310503446
310507719
310557125
310641058
310657532
310674498
310865969
311084805
311087397
311242350
311302458
311407855
311509496
311682230
311768036
311991032
312099867
312237138
312392120
312572060
313334039
313394226
313455807
313539205
313597369
313629430
313639109
313660998
313749583
314032408
314310917
314353142
314373952
314506342
314539012
314669573
314680315
314686585
314825806
314969280
315009629
315053787
315127984
315246068
315578517
315582343
315649578
315760047
316103434
316490441
316630578
316813038
316929272
317088597
317150982
317346802
317711121
317761821
317827276
317941595
318265974
318530531
318814046
318980760
318980933
319024897
319152321
319270243
319276527
319293587
319446693
319492163
319625212
319757745
320182202
320184034
320359090
320537079
320703666
320721360
320807928
320900810
321009432
321061351
321104546
321186324
321398238
321457140
321668940
321921547
321983161
322038128
322045668
322166556
322177969
322258002
322292910
322405177
322545970
322550105
322581447
322617390
322649493
322704097
322790296
323084470
323286427
323624833
323630652
323788408
323902612
324132425
324161630
324162906
324306516
324357351
324714639
324904596
324969366
325095904
325123790
325231982
325358544
325409040
325979869
326160761
326480219
326523280
326528203
326706729
326750763
326791596
327023977
327068571
327134702
327213935
327266640
327288967
327306521
327492872
327726437
327904086
327983507
328127849
328290200
328355995
328509707
328531488
328864778
329266982
329322388
329398089
329541532
329574619
329625731
329643290
329991626
330004804
330149126
330340795
330464899
330515045
330638366
330665067
330837564
331183868
331353492
331449261
331597107
331893875
332111844
332181414
332194175
332243966
332467395
332821392
332826745
332874915
332981923
333028176
333257180
333577315
333662678
333709799
333736682
333745956
333859239
334230354
334302240
334418265
334516133
334576878
334590357
334678987
334731465
334825919
334835857
334994392
335022663
335301414
335419368
335495352
336080737
336242155
336271120
336323535
336354748
336426144
336433370
336497443
336533875
336545164
336616240
336779369
336868223
336960880
336969854
336993676
337024928
337073777
337317647
337355551
337374023
337376035
337502110
337522085
337551820
337575556
337693895
337782122
337997047
338151957
338184445
338346807
338449534
338531469
338631447
338754265
338825245
339056333
339201004
339360917
339558302
339803867
339820126
339861687
340299944
340326181
340356428
340557717
340756104
341016165
341183048
341199543
341237750
341466338
341674497
341693534
342020774
342306807
342367225
342719871
342741545
343019874
343224800
343348656
343369729
343653727
343796713
343995980
344202666
344338479
344898992
345126322
345327104
345353128
345407739
345463905
345528789
345552913
345832871
345919669
346007000
346050955
346103979
346672021
346855455
346909428
346917313
347145776
347230340
347415968
347491394
347496814
347667190
347734344
348091413
348098641
348187309
348325209
348713983
348766034
348766628
348834439
348990346
349039927
349122596
349461723
349774628
349775907
349791165
349914269
349967066
350023619
350052794
350102792
350116035
350249876
350428044
350551531
350581100
350735472
350843264
351007433
351060867
351171376
351173987
351300404
351347982
351358297
351395201
351590260
351645237
351896638
352031607
352101282
352221589
352328210
352738272
352924316
352974506
353067539
353182511
353202127
353265893
353318393
353362032
353547473
353666277
353728875
353736259
353777018
354001155
354399917
354458456
354686059
355025288
355057254
355149124
355215869
355216498
355469666
355648075
355824027
356454132
356478801
356496971
356540992
356706983
356729655
356877650
356914753
356946791
356982208
357298609
357720624
357779159
357952988
358008588
358020822
358094619
358161237
358358956
358410928
358482980
358549847
358759458
358885638
358896436
359145230
359339232
359345528
359356107
359487680
359502734
359530932
359545855
359582650
359706435
359938880
360009013
360030352
360267952
360465238
360551784
360695009
360818750
361040117
361063307
361129706
361401414
361409037
361429228
361625329
361766902
361802771
361872661
362069070
362165985
362295431
362305135
362309218
362345826
362460616
362542075
362552295
362555159
363400088
363430430
363750799
364046632
364239827
364302921
364364259
364771626
364787751
364859724
364973787
365033404
365085783
365178745
365226974
365357888
365406215
365431960
365560031
365604358
365781127
365810416
365900262
366014390
366196232
366347383
366554195
366587612
366609332
366611618
366706642
366858918
366961032
367104150
367370891
367381336
367927430
367929964
367969771
368038761
368108222
368189647
368384664
368408643
368444981
368652076
368738847
368742203
369054390
369106868
369224566
369510092
369569754
369618197
369633106
369759624
369809642
369940701
370356609
370425439
370448954
370450007
370480944
370766352
370804940
370844117
370861190
370875529
370882766
370944506
371114607
371208439
371499070
371504305
371507096
371658018
371726460
371836710
371975349
372038269
372062251
372304771
372328224
372408725
372464057
372559060
372640735
372802218
372885579
373038503
373138334
373166113
373593384
373651076
373697403
374365491
374441057
374459278
374600774
374921535
374958247
375054496
375091036
375216034
375226048
375405562
375627607
375677600
375686699
375814140
375901335
376068896
376262480
376408523
376472065
376576788
377038977
377150260
377223995
377316566
377542691
377576769
377675838
377694236
377742824
377802639
377861418
378104965
378161014
378331600
378461115
378650232
378878631
378924008
378967967
379103115
379116816
379132934
379166513
379195324
379316585
379579988
379607903
379628323
379942510
380024782
380273509
380297189
380347546
380359885
380402681
380511581
380873537
380982316
381046458
381324221
381436486
381658547
381844059
381971207
382049162
382055648
382059794
382230639
382312429
382373426
382407991
382764524
382815390
382928317
383291892
383315083
383316203
383328441
383405190
383496279
383599017
383723120
384145218
384148360
384181748
384245766
384455020
384511997
384594335
384647656
384865382
384968501
385036198
385367805
385452567
385470807
385584615
385641734
385740203
385773432
385901777
385918156
386133710
386135383
386527029
386630085
386688245
386716566
387151706
387237171
387329484
387937838
387941823
388273659
388300507
388423992
388486118
388818796
389017153
389025723
389046361
389072058
389085023
389143140
389212561
389217666
389225485
389325847
389350570
389409679
389470599
389525208
389623269
389735671
389871031
389918832
390120784
390358409
390412010
390746841
390931136
390943591
391093608
391167583
391443877
391454155
391559226
391756342
391860923
392129319
392150918
392159601
392337417
392424894
392533519
392580908
392689434
393359004
393362544
393425668
393465919
393501749
393849132
393907376
394079387
394101432
394127541
394285414
394300675
394349292
394538449
394567243
394602852
394643873
394716641
394941195
395013193
395042101
395051783
395206523
395210247
395225454
395777863
395906714
395929724
395971515
396249232
396323084
396329701
396738395
396739937
397000540
397090693
397214298
397424089
397512023
397636437
397696012
397951061
398073385
398534292
398581599
398720460
398754602
398845475
398977638
398999597
399037360
399067583
399179790
399322337
399815972
399872148
400082000
400356548
400478717
400728566
400758886
400928649
401049430
401095766
401142264
401206220
401236246
401253006
401256555
401493361
401504359
401749011
401913266
402342617
402548626
402731639
402829751
402839478
402905884
402937456
402941145
403048047
403130417
403137681
403354091
403403175
403406696
403525955
403711487
403760153
403777105
403854286
403979462
403994312
404086366
404088589
404165998
404207806
404321123
404456629
404576195
404576692
404907763
404975206
405107600
405602217
406002068
406028570
406043690
406323191
406428384
406776472
406918230
406928970
406954907
407026415
407212354
407478211
407483562
407566460
407602652
407628398
407709841
407883697
407953485
407969179
407982027
408008466
408235254
408245959
408246923
408372877
408381210
408423158
408589045
408761316
408916072
408939689
409013533
409523319
409529241
409560989
409737827
409808552
409906205
410145734
410227481
410565227
410694629
410732811
410819893
410887764
410930249
410964549
411067764
411611562
411980809
412174484
412208511
412212889
412351134
412702697
412815584
412980106
413059838
413197682
413211767
413376552
413819102
413880421
414018443
414185118
414299798
414321837
414334896
414452212
414459914
414538662
414651319
414745161
414948088
415030870
415040156
415403784
415587825
415709085
415931749
416141019
416190245
416384877
416458101
416557049
416568145
416586242
416873820
417036210
417713637
417716737
418021912
418093013
418108734
418119492
418165616
418262014
418286930
418396433
418413472
418419877
418502233
418577021
418764533
418966538
419021541
419096670
419140166
419166526
419236397
419292811
419295399
419296480
419475389
419579312
419643987
419917089
419984919
420316550
420395323
420526613
420536387
420576305
420613849
420641207
420861520
420875398
420876138
421084269
421117538
421160283
421316787
421377556
421431509
421435521
421549263
421623013
421729463
421756807
421848415
421875676
421986925
422277292
422332843
422420696
422514969
422628911
422631262
422668136
422684878
422713615
422806986
422931905
423089953
423239646
423274596
423294854
423364467
423382393
423565309
423677752
423724108
423924070
423981007
424103084
424191797
424198531
424297651
424324285
424376666
424541981
424560158
424567783
424731401
424834141
424948079
425091827
425306635
425347466
425500036
425501201
425516213
425663429
425664432
425668986
425682696
425806062
425832463
425946355
425960414
425978673
426047864
426107704
426200795
426201179
426367419
426730147
427076905
427078898
427215554
427257486
427276662
427281283
427362324
427380884
427468641
427537339
427770739
427841959
427854022
428064817
428200512
428224435
428271371
428736269
428768100
429370151
429387086
429586989
429770054
429876773
429887761
429977926
430046668
430273783
430587954
430623538
430834838
430880216
431133402
431400964
431545240
431824469
431917906
431952172
432199347
432570703
432622082
432635222
432841249
432845299
432874445
433075547
433415773
433743297
433808545
434064016
434277650
434612854
434614115
434730253
434869056
434916946
435041347
435126020
435265990
435350829
435717710
436059764
436240789
436242206
436313587
436496987
436500400
436884370
436904533
437058302
437148338
437265215
437275039
437587398
437677463
437765731
437835608
437966694
437973651
438041446
438091374
438235547
438352114
438622936
438688995
438837729
439038763
439081773
439280618
439380128
439391217
439538827
439680473
439820702
439900433
440326914
440341734
440539311
440558212
440570321
440577635
440722540
440855994
441110878
441301309
441319665
441364735
441444218
441479845
441802895
441854874
442482761
442514407
442556865
442564129
442695184
442778341
442800433
442905542
442991135
443093385
443318547
443438113
443612793
443774353
444015034
444371421
444373010
444458373
444498029
444544514
444758888
444949453
445201049
445201404
445224713
445274953
445365801
445384031
445410669
445472530
445647687
445951163
446004757
446012093
446237324
446277159
446383289
446710959
446871088
446931670
447102422
447255229
447445429
447493363
447728268
447827228
447875365
448325540
448407547
448689848
448696835
448803270
448905361
448922250
449012673
449077524
449128203
449189523
449462889
449490534
449617622
449647532
449737695
449812907
450040663
450474592
450856531
450932448
451034401
451120442
451190100
451505564
451514457
451660351
451661314
451864162
452339256
452451975
452475631
452573069
452617241
452855246
452910297
453143711
453278278
453487203
453565372
453766106
453934327
454191851
454264498
454432027
454459295
454540434
454694097
454719426
454808947
454868804
455124632
455169115
455350484
455728079
455759274
455977402
456087525
456185479
456458891
456526984
456544269
456624857
456732257
456778800
456808980
456837888
457117856
457266692
457521471
457938174
458382729
458513024
458524890
458616411
458621870
458884428
458988130
459196246
459363487
459628694
459637153
459643320
459844644
459933618
460279555
460533257
460742789
460775873
460791498
460878198
460935431
460960568
460993946
461086205
461257817
461504044
461626443
461770632
461919970
461922617
461978642
462056916
462149212
462264089
462763449
462842065
462864522
462990784
463136713
463314079
463327684
463355435
463449550
463485447
463583605
463673911
463852043
463856967
464362547
464421717
464439593
464499126
464509285
464606064
464681292
464829965
464900884
464970550
465200552
465508593
465757213
465818876
465865489
466113166
466287464
466438786
466509616
466531017
466609648
466984545
467209978
467451401
467787379
467799391
467828259
467868621
467885813
467970119
468312342
468399448
468511917
468796583
468978300
469184429
469540018
469572887
469588272
469606223
469791199
469934046
469939079
469948236
469973176
470118403
470134677
470199948
470271393
470283161
470624752
470672287
470827545
470974281
471019233
471048034
471135134
471267651
471284249
471479342
471570478
471607881
471667667
471868121
471889857
471929356
471984641
472169023
472279502
472358332
472436812
472513964
472564051
472655493
472778927
472791210
472821034
472888071
472992897
473030485
473541418
473572109
473579032
473971989
474109257
474138501
474251168
474380267
474460605
474580392
474597485
474633990
474767723
474849424
475156414
475380769
475409740
475649649
475929308
476056140
476160760
476300697
476558469
476661707
476742175
476760411
476974859
477044873
477139079
477155167
477202852
477585262
477636800
477714576
477956610
478175064
478218943
478459424
478477564
478520427
478582170
478631839
478709566
478853731
479013768
479037682
479069452
479144964
479449386
479466730
479535090
479656826
479931269
480187475
480210593
480460520
480664812
480784034
480915263
480942752
480949743
481124892
481146980
481168865
481325119
481728237
481728733
481791886
481855025
481921589
482429471
482627846
482736130
482755661
482762282
482766140
482944999
483039117
483172296
483366334
483422222
483503469
483801265
483804078
483879660
483917793
484067900
484375606
484525236
484606177
484723262
485235431
485248308
485267719
485371498
485624689
486426238
486452668
486539715
486726985
486843320
487120891
487145317
487221183
487479299
487492528
487539665
487627060
487775611
488016432
488059700
488090879
488200282
488266698
488339404
488388226
488459021
488473240
488538485
488656085
488777109
488888367
489054358
489066370
489358713
489377640
489914367
490065066
490183619
490223162
490445275
490458858
490527101
491150002
491167810
491339924
491479162
491484425
491624754
492070437
492277067
492319993
492402748
492551244
492938728
493081907
493255897
493284259
493381567
493460991
493585909
494046671
494402257
494589369
494975221
495110026
495489560
495813830
495860104
496158935
496230206
496345099
496508087
496865533
496903904
497129549
497183890
497366851
497689036
497747222
497990476
497991554
498005476
498045448
498863219
498879354
498977995
498980409
499174873
499193721
499198960
499374653
499403977
499406402
499446292
499585758
499622329
499682286
499866873
500065984
500250014
500363575
500614519
500621489
500635741
500755754
500812753
501074076
501090042
501420804
501583498
501659764
501697332
501758893
501820526
502158524
502261192
502377288
502867240
502976303
503226563
503247766
503397225
503496963
503730257
503806441
504002072
504036663
504072195
504326642
504569247
504768297
504870109
505025625
505070003
505088789
505338047
505429517
505451090
505537751
505570532
505631486
505681390
505826112
506080296
506082021
506112941
506325012
506377756
506686702
506763860
506790032
507041809
507130867
507142134
507167999
507191816
507248754
507433824
507503475
507613073
507705236
507873413
507917936
507970163
508075146
508104812
508238875
508246548
508269862
508776963
508830701
509048903
509086968
509092118
509204720
509208180
509208414
509360762
509793427
509825567
509942380
510008823
510016837
510209060
510249500
510285016
510518692
510548746
510612147
510624005
510697804
510719226
510759290
510791232
510848848
510893897
511045458
511052425
511055267
511142417
511185055
511256697
511327281
511338831
511546120
511600065
511705979
511792822
511800130
511906906
511961923
512091219
512142458
512446658
512549816
513032012
513238570
513506226
513732232
513779097
513819784
513849724
513967318
514016874
514053654
514091165
514216377
514232490
514641388
514728066
514808654
514879844
514892424
515133264
515176683
515641219
515928098
516038515
516070255
516150946
516301328
516333893
516473296
516613087
516648619
516670946
516774770
516791423
516845763
517226129
517380616
517434744
517680267
517726372
517983145
518333307
518337551
518399558
518634486
518643424
518711357
518713225
518774485
518775273
518854730
519208460
519248151
519663162
520068716
520078181
520180282
520257750
520368259
520483425
520679391
520946898
520958246
521010675
521078720
521310221
521577720
521621184
521830698
522065314
522087809
522174789
522217044
522257913
522298060
522471393
522792611
522862354
523191650
523208626
523809503
523885437
523968741
524001132
524055668
524262108
524592138
524812958
524845183
524897313
524910991
525035553
525097213
525253932
525277526
525291244
525596390
525683803
525833727
525908174
526114366
526556356
526588484
526793795
526798351
527071931
527215151
527227447
527918543
528114803
528174699
528288381
528416960
528506718
528667326
528676407
528678390
528860744
528883341
528939013
529025676
529166882
529172394
529504287
529586385
529699954
529897094
529911786
529972248
530124716
530149246
530168822
530265835
530290100
530300333
530360434
530599300
530627714
530715162
531259161
531277264
531378831
531561007
531565748
531566108
531694803
531706500
532110425
532142654
532420366
532463203
532559628
532806474
533193712
533202041
533455010
533596146
533649445
533783026
533905543
533994814
534056348
534181320
534289899
534324291
534574433
534841632
534924696
535126024
535210836
535285488
535304973
535311322
535520057
535625467
536285312
536315896
536340213
536476483
536586376
536601560
536603003
536750460
536781886
536861595
536978439
537208073
537684122
538169491
538216444
538283277
538987622
538990304
538990454
539053649
539103039
539194673
539338636
539471104
539474822
539513219
539594612
539622742
539657589
539942875
540130258
540172506
540273211
541069010
541078209
541078455
541202910
541569466
541639578
542083762
542365831
542438530
542578682
542651003
542725916
542873117
543121491
543363845
543445191
543468753
543511407
543596124
543628097
543662327
543785793
543879854
543885001
543979828
544161361
544464963
544506980
544557469
544568140
544745855
544886368
544951580
545145402
545203314
545271269
545353879
545463390
545585868
545705396
545837542
546032499
546066936
546129500
546248816
546373381
546543431
546647515
546742783
546797085
547255912
547383731
547566587
547632265
547689368
547927273
547954988
547958971
548126442
548170227
548246582
548418178
549219289
549251154
549441928
549657660
550103046
550113010
550196621
550200105
550414130
550777424
550927660
551318084
551360031
551400750
551697980
551783398
551814318
551860070
551971613
552109632
552151932
552310676
552516735
552553084
552985412
553022945
553273456
553347301
553388967
553390888
553714727
553855511
553887813
553895903
554087766
554149497
554301727
554326005
554395893
554401311
554468612
554522007
554762630
555075344
555271551
555281356
555287240
555312196
555339807
555582783
555613795
555663301
555724031
555755817
555830584
555889248
556075590
556083492
556154181
556170454
556565236
556610431
556643261
556708798
556717917
557006835
557185963
557521919
557542212
557563352
557623790
557734117
557758891
557926782
557984348
558020765
558294993
558296233
558307007
558313917
558362946
558377124
558458897
558636851
558720772
558727232
558774754
558777404
559048037
559136021
559592271
559844128
560063519
560118937
560201535
560293491
560440191
560447138
560519280
560615833
560639125
560731815
560751556
560790355
560974773
561102317
561216013
561223959
561230693
561389337
561464145
561553080
561678675
562047389
562259852
562448818
562503916
562522544
562557596
562733252
562808591
563268760
563504007
563527389
563801341
564288651
564366356
564557159
564581301
564581913
564806108
564808644
565321697
565367531
565412513
565474937
565520135
565726007
565745934
565819930
565842317
566074713
566127896
566234099
566351334
566384932
566386402
566471471
566533396
566978212
567071677
567083319
567171510
567186027
567186350
567417541
567472452
567556311
567709728
567755690
568061694
568167165
568293239
568310524
568360859
568418677
568814181
569154139
569280728
569557270
569781706
569797444
570004420
570012847
570072337
570424013
570469270
570561709
570792517
570900452
570907009
571011442
571047573
571069577
571093441
571145538
571186233
571228559
571233541
571427310
571513206
571650624
571707262
571831769
571839741
571945867
571952276
572203148
572434417
572496134
572766814
572847719
572889933
572992065
573160392
573163979
573241252
573281460
573308015
573733812
573933159
574019642
574059732
574121311
574178729
574664604
574937745
575063913
575074166
575086682
575153521
575183577
575230020
575321243
575520773
575766347
575781498
576091155
576129664
576398087
576737794
577163051
577225875
577283851
577300272
577469857
577665665
577666049
577667235
577827715
577929210
577946565
578161174
578515153
578656716
578707265
578741975
578886624
578931437
579124528
579250426
579402891
579415804
579520124
579918603
580120846
580347582
580409230
580680217
580863572
581070044
581213718
581260122
581325908
581445613
581727573
581737813
581751485
581957280
582034660
582258132
582290534
582673892
582754079
582785138
582867478
582983347
583338302
583344428
583414384
583745147
583800802
583949596
584103390
584271633
584344821
584393429
584492416
584573818
584735516
584769278
584934477
585024245
585129488
585381293
585398151
585529323
585670600
585810923
585884029
586328716
586596463
586671180
586685326
586799769
586809357
586905934
586960704
586990394
587050824
587659999
587683709
587958172
587962969
588025806
588138504
588170938
588287297
588536832
588959227
589032290
589087648
589487282
589708332
589797576
589835547
590147656
590308325
590382226
590399429
590413802
590536745
590557726
590687582
590705063
590721258
590892450
591003246
591157858
591210999
591222522
591322273
591391530
591777284
591859090
591886278
591915772
591976127
592401208
592522585
592639164
592699124
592791702
592801943
592842160
592901788
592961345
593003270
593047517
593059147
593142389
593495441
593495541
593544555
593549416
593736670
593788854
593814006
593890885
594067863
594069203
594200999
594312092
594378485
594547750
594903940
595004828
595306366
595442096
596022536
596043303
596421288
596493071
596560388
596622793
596649430
596720865
596734958
596741183
597016831
597405207
597424167
597437003
597504780
597539554
597667089
597797525
597814323
597863253
598083522
598088048
598094016
598624554
598665604
598843838
600006985
600137621
600356369
600490413
600499618
600519863
601112773
601120611
601338905
601355240
601481838
601487544
601628533
601667736
601715132
601742269
601851111
601902302
601947192
602266156
602355467
602367028
602591451
602648937
602711617
602776038
602830464
602971746
603111057
603151606
603260611
603373063
603440476
603816043
603845028
603992619
604086107
604151824
604213943
604251204
604341847
604609466
604680463
604813099
604853150
604868416
605198300
605212866
605369296
605390652
605462251
605494149
605831313
606105393
606231765
606291659
606305247
606317011
606330449
606463683
606492365
606537755
606587168
606708378
606749011
606803529
606875744
606990088
607069889
607475026
607700159
607804163
607973449
608080723
608145465
608283817
608286132
608304823
608347201
608423135
608794552
608817124
608937069
609021205
609035967
609155324
609242355
609340582
609350848
609457179
609613882
609940458
609985971
609986629
610119997
610120283
610139626
610182493
610234625
610375233
610447333
610935764
611136061
611198602
611259441
611473050
611697388
611755506
611848464
611907691
612248470
612279515
612363150
612381079
612669961
612747891
612756031
612763039
612836147
613010175
613011572
613057163
613149814
613341642
613521657
613559518
613662122
613781907
613997575
614379522
614540748
614636378
614656504
614795432
614804055
614844926
615051263
615348940
615356062
615402108
615411969
615628999
615773918
615790156
615873351
616122540
616157613
616204243
616293324
616687618
616881601
617117790
617193772
617286576
617386865
617409474
617433510
617540376
618021355
618024574
618131788
618209293
618323480
618338446
618713406
619169882
619224808
619510633
619549903
619925044
619957080
620128747
620181657
620228458
620257226
620413161
620741929
620938745
621096962
621130400
621191995
621342196
621352419
621402638
621621854
621655690
621666741
621716612
621834116
621873998
621889220
621909967
622054347
622173228
622333669
622638019
622724191
622803625
622838328
622883184
622943252
623015969
623058097
623078358
623095574
623139235
623211972
623242571
623279764
623313761
623333037
623384425
623810889
624161588
624163555
624225502
624334560
624510449
624769266
624811438
624817006
624874631
624979899
625052728
625226656
625257965
625703220
625915286
626175385
626222132
626474398
626653378
626672135
626704970
626735788
627074997
627198317
627209666
627242758
627262953
627310081
627331940
627342293
627512836
627553407
627577374
627604402
627660555
627759175
627832592
628013844
628202722
628325743
628370886
628405023
628777063
628894219
628937321
629664102
629684969
629685897
629778796
629837419
629887603
629972688
630813250
631058975
631170313
631220280
631725653
631847603
631933077
631961840
631988940
632372412
632427399
632510308
632532705
632574408
632645311
632692609
632731461
632756170
632956909
633261491
633287675
633289589
633416673
633519952
633560900
633687192
633728794
633793988
634006486
634079531
634104554
634320383
634406583
634446125
634607292
634652579
634725179
634771280
634783696
634938726
635158868
635201105
635223933
635306667
635325901
635370022
635386795
635389688
635406440
635474543
635518163
635548598
635700936
635705322
635803706
635808677
635874333
636118841
636145586
636206514
636781088
636841830
636931662
637115759
637160681
637280844
637399370
637590017
637606665
637648855
637736154
637793775
637833517
638054551
638301661
638366100
638437786
638811520
638830951
638976486
639027559
639080170
639100156
639155285
639180606
639356710
639375971
639407031
639429374
639444081
639499886
639619691
639655080
639753585
639824890
639902963
639923532
639932285
639973548
640037602
640134422
640165157
640525509
640616803
641324453
641353723
641428416
641456088
641496654
641516026
641529844
641632979
642096185
642104067
642153670
642359110
642548985
642667858
642699102
642739175
642813491
642821066
642834448
643029561
643189853
643251566
643266883
643420764
643739760
643765668
644022602
644164018
644382061
644473671
644537788
644797052
644910769
644993974
645232670
645350134
645361394
645366022
645389748
645454382
645544685
645611192
645698370
645793530
645893775
645994686
645994827
646077228
646319950
646495914
646586509
646595654
646916390
647050336
647096277
647101258
647273324
647343439
647427595
647465922
647631939
647683173
647758823
647831987
648079378
648510715
648605413
648694396
648720422
648731920
648844314
648850384
649006975
649008171
649024792
649188099
649230222
649866369
649887443
649946402
649973187
650105055
650155528
650558580
650716912
650818660
651231083
651299324
651486026
651529385
651854178
651891683
652052346
652067721
652123324
652127019
652240769
652245463
652465891
652566454
652944271
653314779
653378532
653474571
653534888
653560142
653615824
653952225
653960912
654265578
654352426
654379672
654395709
654423215
654556798
654558536
654570811
654662117
654673924
654903564
654928157
654936212
654940427
654948483
655116608
655224191
655817068
655828373
656247556
656302359
656361506
656418010
656439844
656469463
656676349
656687651
656777089
656930213
657147985
657269287
657273550
657320485
657720005
657820440
657855475
657858318
657973982
657996973
658137060
658141113
658187521
658325618
658420566
658553273
658587565
658763760
658859264
658885736
658925810
658931610
658951086
659203998
659229111
659259471
659495081
659698861
659902925
660001768
660060669
660236057
660495830
660698480
660735930
660778666
660957087
661055146
661099460
661132023
661173416
661413158
661559817
661678569
661765291
661930437
661939738
662182639
662445479
662514075
662613641
662624199
662628777
662742984
662952178
662985978
663060183
663194036
663224162
663320608
663518003
663580164
663589448
663795333
663979797
664033847
664066631
664093901
664124839
664192623
664238911
664320954
664420813
664460913
664492488
664500760
664548267
664571210
664817166
664831482
664985580
665053160
665385698
665449246
665636707
665851484
665893029
665916076
665939534
666013319
666050405
666204477
666225536
666327601
666371947
666593550
666671806
666705788
666869578
667017751
667188286
667349147
667506511
667529741
667683715
667779558
668371265
668438967
668541016
668609698
668680499
668814489
668864022
668980949
669233213
669252306
669262775
669321862
669441377
669464599
669569180
669765522
669865710
669885228
669926510
669995420
670079994
670399203
670577572
670659777
670844976
670867681
671118693
671374488
671379855
671410706
671458852
671500614
672065694
672147605
672164756
672354520
672442801
672458952
672508867
672585648
672814526
672856914
673101880
673186001
673342993
673697112
673820659
673981907
674058940
674325142
674379345
674437954
674980318
675397020
675569971
675665982
675846541
675868924
676094430
676498165
676719881
677091536
677197274
677209930
677404140
677436665
677475322
677613070
677749662
677862360
677935976
677979506
678160250
678303291
678314891
678379652
678398524
678630812
678651600
678843533
678965383
678988862
679316371
679393677
679449542
679624900
679803413
679830691
680119409
680149106
680284045
680373993
680387355
680411447
680434350
680713760
681131855
681230955
681367326
681462941
681562132
681743218
681786275
681861273
681880025
682063839
682245967
682258673
682489980
682737356
682790908
682900589
683008148
683027475
683038305
683042536
683044532
683106878
683217043
683425257
683550065
683592141
683622730
683752657
683780053
683828294
683968550
684015856
684076388
684213939
684326456
684639679
684751350
684772029
684931286
684957708
685130399
685329004
685446420
685463243
685522290
685712770
686225096
686402718
686429654
686558093
686644500
686656090
686666907
686772590
686956287
687127402
687135697
687217657
687348576
687482499
687612522
687641579
687716011
687734234
688013036
688507208
688523020
688630149
688635525
689029141
689219470
689231948
689869666
689885896
690013692
690106650
690260577
690458404
690471057
690760251
691041468
691292335
691292856
691487961
691680618
691797623
691891102
691995009
692139943
692213980
692278284
692746939
692821780
692924643
692990445
693028789
693097873
693098076
693170359
693387445
693416392
693443698
693883519
693894837
694067563
694566613
694587948
694643369
694670911
694692241
694753558
694773654
694791810
694832988
694886749
695221546
695397787
695454161
695551723
695791124
695837553
695901758
695994519
696206195
696297627
696552638
696592808
696725713
697104121
697105928
697383908
697444596
697542186
697846776
697978737
698128230
698303169
698405368
698438415
698499628
698554184
698603452
698605426
698852171
698980019
699019268
699128066
699165841
699395797
699657158
699739712
699835224
700040696
700074653
700252314
700291150
700343800
700419757
700431241
700739078
700772700
701260932
701766915
701953489
702059683
702061573
702286322
702780944
702900580
703299587
703758675
703956578
704319828
704364827
704546677
704620616
704834528
705044141
705054184
705066217
705066286
705197439
705198044
705455122
705465592
705585459
705860874
705945226
705997719
706178790
706212802
706391831
706525847
706529862
706825983
706856051
706895750
706921179
706985339
707149467
707386483
707538181
707690468
707743873
707900992
708269762
708389431
708718710
708748324
708764039
709052868
709082639
709234326
709306381
709320554
709331296
709598531
709938749
709994547
710031840
710186752
710247412
710299054
710315281
710336938
710771287
710816164
711060192
711064630
711082580
711274934
711318404
711459809
711461908
711506049
711829028
711874892
712486539
712622684
712769468
712772338
712879625
712909511
713408467
713569311
713647613
713718638
713722597
713804842
713831024
713867379
714425547
714658542
714731195
714800318
714808165
714846581
715034321
715268036
715623651
715708034
715977286
716026158
716150385
716593311
716643517
716912186
717060759
717074366
717237066
717294181
717559918
717578551
717733451
717797387
717903991
717996355
718047686
718516709
718910387
719044581
719047166
719071958
719229411
719246359
719419843
719490971
719500485
719660631
719830538
719850834
719897434
720044134
720073343
720089524
720140470
720270619
720300105
720722671
720956176
721085780
721344816
721399890
721783608
721847219
721877221
721911186
721930004
721949141
722007765
722150733
722244965
722278217
722539738
722540571
722547929
722586755
722663000
722696305
722773743
723010754
723039064
723171552
723571060
723867116
723940135
723963597
723992943
724109618
724236475
724268781
724314545
724498188
724512554
724943503
725107534
725297676
725315430
725425248
725553402
725605186
725776272
725907379
725943903
726063164
726140783
726234745
726247545
726275614
726420905
726580807
726600206
726690302
726808740
726808791
726834740
726842886
726850168
727172273
727251198
727265137
727669927
727683281
727730251
727810646
728057552
728131266
728248937
728292188
728525765
728736979
728873657
728915130
728962006
729109552
729124267
729304482
729344920
729371162
729612805
729699827
729782584
729884478
729916250
729951125
730260300
730275527
730562808
730598313
730756352
730850352
730871494
730965226
731569275
731597640
731801430
731888666
731892499
731943187
731954730
732119896
732506212
732682627
732747806
732793741
733188219
733194355
733402671
733535417
733586946
733593835
733626688
734064784
734207280
734316563
734717676
734878565
734879429
734934637
735181313
735387721
735464154
735574461
735960738
736007123
736027669
736067831
736069454
736426706
736597395
736851085
736874353
736919171
736999561
737013025
737016853
737027947
737123977
737139490
737173202
737332442
737545400
737625136
737656184
737663078
737837771
737909353
737940448
737961684
738350492
738921032
738938751
739028849
739047060
739311570
739403941
739459292
739570201
739724926
739821984
739827878
739870127
739893057
740190759
740281122
740494607
740779772
740813158
740896282
740985854
741034211
741202723
741309633
741419976
741497173
741514958
741568232
741862030
741874245
741879345
742088937
742232478
742272168
742404540
742542001
742751261
742851983
742896132
743024464
743065983
743103056
743283320
743381769
743606578
743639551
743736486
743785044
743786026
743969335
744124283
744164606
744372741
744386014
744766049
744787462
745221379
745458866
745512323
745538056
745571176
745667939
745672971
745696076
745724630
745821043
746091811
746136315
746281948
746376528
746981972
747126810
747131533
747384951
747715137
747759164
748097278
748245138
748876769
748920647
749060888
749080255
749081346
749202568
749557891
749720565
749827387
749869335
750115630
750318074
750485224
750515541
750562192
750573287
750734796
750822408
751080349
751293205
751406409
751820098
751874647
751994424
752265183
752280303
752305008
752695781
753057428
753256826
753370135
753669257
753728641
753771087
753773437
753782473
753784387
753989518
754017898
754039131
754071224
754093237
754116813
754177862
754276360
754355477
754434920
754436628
754919699
754983992
754984597
755188433
755301611
755375720
755407490
755447479
755512074
755539686
755782696
755799380
755945830
756400311
756486670
756509458
756532465
756898744
757088540
757153078
757225919
757235477
757264224
757331230
757895727
757959963
758104595
758148740
758170272
758317831
758617366
758785274
758847363
758872109
758924153
758979435
759282062
759459812
759476332
759590561
759670789
759724114
759787326
759834496
759941527
759962378
759962607
760499574
760651794
760795347
760837211
760896030
761022216
761034183
761091249
761143805
761326593
761657949
761837092
762077778
762082942
762313694
762669683
762677601
762836152
762878041
762944627
763018722
763421842
763517499
763562918
763574934
763591374
763613522
763642591
763672496
763796323
763941840
764085240
764206652
764223155
764402602
764455891
764574424
764746687
764943344
764956949
765000438
765124772
765501989
765535288
765615559
765617845
765763000
765773482
766042404
766165426
766302250
766323322
766468192
766557765
766578696
766648454
766652680
766937358
767098238
767251476
767334903
767349525
767398990
767483564
767493561
767512874
767654828
768009418
768147231
768304353
768471212
768533141
768624835
768694905
768953540
769314553
769315479
769345103
769360447
769382778
769392927
769548693
769701510
769728602
769912233
769944189
769994459
770225184
770324285
770403781
770492658
771116768
771403420
771411230
771463827
771484946
771571802
771643711
771833864
771835226
772043936
772051537
772070784
772172228
772366361
772504556
772621516
772872766
772988836
773059683
773231827
773374748
773719641
774549600
774571103
774648508
774728800
774730225
774796686
774799072
774819994
774900138
775016603
775461582
775578314
775643583
775884947
775937339
776029974
776182454
776182833
776430541
776825504
776880029
776899617
776929803
777417361
777485645
777543578
777601807
777604439
777617243
777722061
777900810
778026201
778037492
778187468
778505127
778564096
778607145
778607583
778686975
778712483
778816434
778820989
778916274
779006365
779207827
779225756
779263427
779427763
779548822
779556863
780162941
780289087
780322769
780525719
780541177
781012609
781101274
781174987
781501532
781534533
781562041
781564369
781628099
781748923
781875399
781914719
782035070
782117073
782493650
782567717
782779813
782794886
782842745
782847464
782896368
783014346
783103719
783108835
783162498
783202682
783228523
783401270
783558570
783560404
783628756
783931380
784107268
784124467
784489579
784710502
784794821
784805466
784841400
785187196
785221558
785317921
785410531
785487290
785494955
785677873
785925313
786087276
786199611
786320904
786389003
786575572
786584053
786655604
786694185
786782295
787329224
787345079
787461362
787523785
787606733
787894240
787900210
787928922
788034076
788343232
788419162
788702558
788722870
788761208
789021249
789066248
789156368
789280779
789333206
789340105
789347550
789406982
789436047
789511531
789640691
789701856
789745229
789795457
789972846
790020156
790078219
790651209
790653362
790706379
790838680
790963699
790971667
790981448
791000629
791062988
791075326
791744528
791813914
792008900
792075518
792440980
792484436
792540760
792577083
792590757
792710222
793148508
793217822
793393620
793431116
793644442
793792717
793879124
793925074
793973494
794084741
794179857
794532440
794551166
794719119
794741635
794782107
794823371
794831437
794929836
794995302
795105343
795116609
795210980
795253051
795400929
795462036
795641343
795943598
796039610
796186722
796254327
796269009
796603997
796898305
797017669
797282298
797313483
797640144
797641256
797656440
797923062
797936438
798070214
798127132
798130555
798408054
798471490
798565972
798637194
798688459
798850912
799015749
799148206
799227210
799475264
799713600
799770479
799852832
799860494
800038958
800193489
800293064
800324731
800859449
801119437
801127225
801142270
801279770
801392189
801481249
801717759
801769352
801825645
801828432
801833791
801922343
802002617
802042162
802117122
802544102
802603383
802628256
802919765
803114194
803785504
803831010
803944973
803964265
804003419
804097147
804428646
804435049
804475821
804673867
804736399
804741524
804890022
804989278
805165966
805495764
805967520
806040041
806058184
806112051
806195049
806202936
806223223
806319491
806503738
806807855
806937662
807186758
807193474
807254229
807257114
807819131
808095486
808223675
808338561
808403196
808548432
808645606
808787770
808964558
809005855
809238834
809244591
809548230
809595867
809639763
809890224
810022091
810039366
810167243
810202406
810236072
810255575
810347096
810522431
810624161
810631213
810635343
810652941
810691465
810836629
811148558
811178876
811199901
811297725
811661671
811757799
811785699
811935103
812069011
812282436
812291328
812349149
812359432
812494495
812555665
812594219
812734200
812857116
812873873
812940181
812977937
813155184
813240931
813261777
813467343
813541720
813742875
813840751
814058338
814126208
814151906
814233933
814278164
814329480
814662879
814971725
815104888
815522340
815720291
815815916
815831540
815846794
815861799
816169063
816729871
817370832
817421215
817645024
817666509
817670281
817684316
817727473
817833752
817927901
817968660
817983539
817998441
818271696
818367947
818461381
818588680
818796542
818809585
818812769
818846762
818857967
818892498
819000940
819425431
819723624
819854433
819975207
819978186
820374751
820377816
820616670
820635993
820652725
820689301
820805967
820955714
820986938
821015191
821127697
821227796
821303183
821399202
821465885
821600442
821644100
821775726
821955136
822013091
822042474
822201379
822310003
822373189
822436461
822456106
822511416
822589887
822728513
823139009
823153710
823244362
823348019
823477903
823701869
823799410
824235385
824241285
824331496
824340039
824403760
824572697
824849122
825006547
825049512
825469572
825802674
826154990
826199003
826222456
826398672
826525012
826653417
826661649
826757659
826865067
826981813
827348356
827386985
827472272
827481249
827923668
828021694
828188553
828200438
828980401
829029582
829057277
829238069
829246492
829409250
829415987
829425417
829429154
829477883
829593486
829728215
829751207
830234679
830277165
830424926
830549848
830568194
830569711
830572572
830631700
830843165
830879162
831095730
831444695
831523102
831549198
831603211
831817260
831853985
832027485
832172807
832176043
832184033
832331451
832357179
832363777
832467038
832550953
832575710
832817884
833276890
833288402
833305659
833573525
833826978
833868695
834256135
834310445
834323641
834329909
834921972
834986905
835062940
835092199
835382273
835798018
836024153
836132334
836172146
836342013
836744488
836786803
836814042
837011995
837162666
837237652
837483386
837789488
837835229
837890406
837923879
837924254
838409451
838482026
838504281
838629995
838722124
838798232
838827231
838934722
838980900
839049540
839076809
839164104
839250657
839438027
839468465
839791003
839902654
839987710
840187430
840260584
840478916
840842050
840886547
841155415
841219515
841243726
841284259
841290025
841568377
841789284
841923532
842240833
842353155
842451863
842553036
842595195
842610538
842646753
842663690
842699388
842707918
843129002
843165498
843175092
843217203
843317121
843486674
843617658
843751622
843885158
843960742
844106818
844117107
844121120
844535165
844573186
844633323
844656751
844664987
844867900
845025385
845118797
845174678
845340646
845420861
845519752
845532541
845604005
845707599
845868260
845940572
846017157
846348671
846436973
846534650
846598124
846619804
846918783
846968717
847011769
847099853
847122235
847575834
847606714
847923498
848040490
848150176
848229835
848336350
848367737
848462675
848480998
848601896
848625573
848912302
848994087
849195776
849299507
849327156
849539229
849987862
850093665
850105950
850130966
850142219
850178528
850246051
850305292
850369719
850526174
850562413
851174379
851605887
851732305
851735742
851764349
851812138
851990779
852012417
852228796
852305028
852411315
852418997
852911984
853089975
853108566
853138444
853487005
853640245
853688496
853993666
854068896
854094544
854130055
854153108
854217646
854309134
854349270
854406555
854429893
854514391
854672878
854707071
854812746
854858408
854993299
854993644
855222964
855372684
855655446
855684754
855775910
856275793
856476011
856671351
856803648
856830204
856915042
857003513
857060318
857189960
857268195
857283431
857333675
857518367
857694473
857703855
857730817
858197544
858230392
858297829
858313330
858589660
858612554
858970587
858994729
859496984
859617875
859770184
859823147
859977704
860007989
860081267
860166151
860322682
860430306
860518066
860658660
860660205
860679598
860718978
860789388
860838012
860855546
860905858
861257600
861290566
861608256
861632470
861779829
861841206
861850417
861891927
861921125
862136115
862247048
862255996
862274624
862450338
862525469
862659608
862752992
863037547
863062856
863089132
863113374
863268040
863344866
863360985
863392616
863479740
863990385
864009320
864312213
864335848
864473484
864481669
865052087
865208587
865326535
865425074
865668726
865682921
865824694
865841384
865911958
865964025
866006812
866068530
866070080
866515240
866662266
866692199
866749058
866795892
866837045
866961028
866965775
867010102
867434600
867804027
867940876
867997866
868013762
868080840
868115555
868214647
868215054
868216525
868351410
868475875
868556805
868827215
869027563
869066724
869089498
869208138
869234162
869285363
869286389
869316642
869490884
869625120
869832644
869942191
869984680
870063635
870078876
870105013
870262305
870275697
870613252
870769350
870804953
871622968
871762251
871860042
872024239
872138078
872529955
872587897
872816072
872821672
872842024
872852034
872937157
872996134
873076262
873153541
873268231
873334245
873686320
873953754
874068028
874194058
874309620
874343236
874378146
874648830
874927604
875113926
875181870
875194719
875271318
875311928
875562385
875675619
875701613
875889198
875902530
876038105
876052625
876288600
876357548
876501283
876608368
876649109
876785542
876984583
877151224
877167058
877221643
877761546
878079596
878104201
878293650
878305385
878405139
878520269
879045477
879130062
879157531
879432588
879485474
879632393
879787061
879889302
879910227
879926552
880022259
880082090
880232995
880499861
880678586
880830884
880977586
881041069
881067976
881095327
881240421
881380674
881514006
881623742
881660966
881778749
882055969
882077824
882493696
882732948
882736181
882759984
882783647
883260074
883271322
883375558
883492958
883497683
883499129
883514519
883562767
883567681
883640395
883673664
884321393
884486272
884583447
884668601
884669570
884711360
884762796
884780987
884902224
885064828
885093991
885166210
885176440
885281136
885391283
885549110
885574926
885579109
885738681
885888175
885900945
885984915
886183880
886511284
887004829
887300594
887322592
887398133
887497982
887771474
887851565
888153350
888259970
888279723
888604109
888658921
888817638
888884593
889109807
889134277
889163975
889658071
889753851
889788670
889911918
889974663
890184260
890345534
890499568
890517608
890600668
890660087
890893367
891009130
891136975
891140502
891160846
891268986
891291268
891344919
891812164
891841831
891940294
891953077
892021943
892049655
892113704
892344006
892369899
892476289
892521292
892706205
892743755
892799923
892829037
892939836
892954248
893320306
893449646
893846315
893928113
894021492
894180044
894337105
894378283
894557770
894838941
895080495
895380370
895680471
895684454
895723652
895727091
895867541
895909075
895957782
896477078
896521813
896742785
896864493
896921927
897044733
897461919
897701039
897714717
897765042
898057136
898177150
898581272
898613452
898851833
898977493
899175663
899440233
899460470
899463718
899595775
899621932
899662867
899895216
900058805
900149282
900195911
900339677
900377507
900395088
900623992
900639923
901297242
901352815
901671587
901803142
901922401
902277842
902359691
902609678
902625730
902685036
902783737
902873245
903043094
903053755
903065213
903106213
903130214
903168227
903238962
903279714
903310400
903404472
903536752
903791482
903906338
903918745
904075246
904118441
904284895
904420899
904563207
904772951
904851551
904959129
905080759
905201934
905561125
905756587
905773261
905985018
906003877
906416107
906803206
906866730
907023052
907206293
907281754
907356296
907390162
907417260
907578448
907602457
907837013
908125459
908275257
908562947
908731808
908778823
909022006
909068482
909083321
909154267
909183911
909249373
909425954
909612855
909667513
909767894
909786446
909810270
910175187
910500779
910620442
910695881
910737637
910814932
911151215
911162436
911399234
911543168
911841449
912087919
912203360
912355954
912359618
912383784
912631208
912844149
912935599
912981415
913514785
913642830
913662000
913728356
913767403
913906381
914026513
914228085
914326049
914354827
914739387
915120167
915161410
915291182
915513215
915666562
915801790
915847351
915884876
916038107
916040948
916062980
916147770
916241161
916264201
916378752
916417430
916424373
916569662
916621373
916979875
916992169
917054129
917243179
917278331
917437717
917604439
917620085
917692735
917905218
917940393
918043045
918093607
918111996
918380289
918431978
918649601
919065643
919159297
919305083
919795430
919830402
919857300
919892948
919971473
920152123
920265627
920394283
920397566
920450433
920684257
920850244
920871412
921332058
921336616
921353784
921368166
921455769
921550677
921756430
921941200
921948093
922059837
922334575
922337120
922422278
922715864
922737183
923149243
923223188
923269895
923270743
923475834
923505920
923549655
923689608
923794738
923823224
923867425
923880044
923998415
924084904
924190320
924253452
924258521
924294940
924466805
924717226
924904834
925093174
925108100
925280847
925396385
925443416
925459797
925566882
925570268
925683074
925805352
925933098
926141401
926171459
926196218
926435175
926559330
926631149
926660136
926742782
926843045
926945563
926972788
927041480
927111708
927358175
927402709
927645881
927756839
927875813
927894665
927993781
928131131
928313744
928428270
928455184
928531586
928596121
928656205
928898957
928970112
929046200
929460216
929467380
929551537
929651877
929714786
929789786
929980928
929983058
929984096
930122880
930124082
930220408
930431787
930492231
930555291
930592942
930716563
930789478
930937031
931002023
931095268
931133118
931241524
931260364
931345386
931457489
931684114
931824873
932017842
932515024
932553278
932554072
932610279
932783100
932812900
932840365
932850422
932896356
933081409
933249171
933338270
933394893
933605186
933793659
933874662
933956777
933968980
934016459
934030578
934057996
934157432
934409605
934514394
934515555
934675496
934913173
934982859
935079629
935318988
935337893
935617762
935952055
936252928
936362037
936511501
936613861
937116265
937310544
937359193
937373173
937423680
937594680
937840761
938016636
938052195
938377846
938390075
938722676
939019500
939215640
939438222
939625525
939654239
939686159
939773983
939976739
940059581
940260464
940369948
940379247
940426038
940433978
940525788
940613577
940640156
940783772
941072695
941377843
941463973
941864852
941917372
941931986
942127286
942140052
942189090
942283266
942434912
942949490
943173077
943375495
943444749
943445566
943783237
943897207
943916515
944034455
944175418
944177699
944211190
944254087
944317522
944429214
944455239
944554952
944751277
944762027
945192345
945389418
945454186
945506825
945567201
945616701
945776531
945852963
945910218
945939175
945940400
946154714
946566364
946706238
946756667
946758938
946789962
946832007
947014680
947053828
947543322
947785849
947843695
947977631
948018293
948557922
948691737
948867982
948955879
948984543
949162827
949406185
949443572
949498228
949573504
949675683
949714605
949927024
950044230
950161593
950402488
950445357
950871339
951028917
951185406
951600932
951708286
951782027
951799913
951813443
951848424
951898913
952064545
952130661
952388299
952604183
952964956
953052399
953193208
953256555
953321110
953345880
953448851
953457728
953481486
953504290
953890374
953898183
953967117
953992590
954159736
954370062
954453862
954480458
954612437
954832837
955040971
955253927
955352166
955639427
955936275
955965517
955992865
956103493
956172244
956252369
956282027
956600101
956764963
956773461
956881653
956887469
956970630
957064664
957169923
957314356
957647152
957745953
957964017
958010086
958067199
958116149
958196339
958393633
958421955
958570754
958593178
958604800
958831215
958861852
958947586
959006151
959318135
959383097
959383451
959406275
959523262
959554235
959588830
959640810
959712947
959719944
959836255
959865794
959916795
960016166
960454306
960827331
960891799
960949251
961003711
961076989
961140208
961249756
961360892
961406997
961507395
961684475
961701017
961813316
961821879
961926701
962195234
962566331
962587293
962645780
962864751
962918058
963247633
963248417
963296310
963308500
963363797
963408824
963442485
963484685
963721590
963783172
963820265
963855345
963896004
964043522
964101709
964296143
964357708
964700904
964729916
964920631
964925405
965001393
965165128
965281832
965450621
965615619
965668820
965710628
965871541
965992137
966022292
966091103
966182448
966215611
966308966
966491703
966530376
966796768
966876187
966876402
966895997
967027878
967196947
967397544
967699444
967828069
968087167
968297882
968318285
968490371
968508762
968535625
968839246
968949814
969321742
969360154
969375917
969529842
969588465
969621053
969761902
969911253
969994302
970007604
970106985
970182125
970189329
970224233
970322923
970480909
970568209
970729498
970856981
970989297
971072133
971269683
971300391
971368096
971373615
971423459
971725063
971795009
971940847
971956652
972327937
972453647
972529608
972740700
972791046
972878221
972916182
973005470
973131151
973251376
973327170
973350975
973581623
973683128
973893165
973979424
973998178
974070143
974134970
974542953
974549940
974706148
974874191
975131438
975243899
975308984
975332618
975399801
975404054
975418004
975613229
975663108
975859519
976069143
976230054
976276927
976298459
976336330
976339417
976451345
976606822
976676425
976966555
977018914
977101758
977202035
977322542
977322869
977436544
977452559
977483637
977587224
977598266
977685783
977726738
977887013
977979044
978062647
978091325
978290641
978297847
978406538
978496024
978509906
978574903
978734245
978771355
978989318
979146300
979163351
979218279
979311002
979335315
979517707
979569429
979851112
979909525
980059400
980118578
980135611
980216388
980279608
980589598
980590369
981070651
981164073
981509230
981719055
981849764
981990302
982059522
982520376
982784039
983171158
983181539
983608529
983645224
983904819
984249715
984441568
984474132
984565221
984685505
984705416
984738848
984781234
984812585
984839216
984895144
984897993
985001673
985193771
985423472
985649292
985684265
985735287
985768722
985835059
986203628
986312926
986393329
986612774
986670602
986854052
986894087
986991057
987050461
987237220
987254033
987631347
987643338
987663304
987832152
987833285
988128905
988172249
988268915
988412868
988419603
988441028
988566793
989037868
989148126
989588952
989817776
989837899
989882525
989961503
990107805
990180326
990239134
990327553
990374813
990558659
990675371
990679251
990834843
990857697
990944748
991053252
991177906
991280982
991721040
991750344
992135018
992144404
992155074
992178513
992337327
992545604
992642221
993173606
993355853
993560974
993618007
993667311
993671382
993742861
993782748
993859337
993859951
993892364
993923287
993974682
993988190
994356088
994667095
994717041
994970032
995098763
995164641
995181291
995233759
995318556
995353344
995444611
995458934
995468088
995471325
995493175
995728815
995867504
995950866
996005132
996054640
996427279
996596506
996611863
996690269
997095073
997197446
997226173
997313093
997423525
997426551
997430843
997680638
997705028
997815721
997889837
998166045
998496089
998521822
998531750
998621148
998895338
998941122
998950540
998993472
999086456
999241001
999284246
999465237
999618016
999734489
999796661
999798166
999810487
999861685
999862452
999976628
999996138
