603111057
395906714
57209167
470199948
739870127
332467395
808403196
512091219
909767894
428064817
789066248
115285053
256719342
381971207
915801790
277589628
712879625
646586509
124919077
658187521
830277165
885984915
45281842
428224435
395971515
164159767
858612554
92622882
26161685
842610538
838980900
934515555
285453813
765773482
16729383
467828259
872587897
513819784
205535963
682258673
877761546
968839246
24242941
409737827
583338302
61517506
198240456
603260611
417036210
462264089
909810270
449812907
860855546
604151824
347145776
764223155
389017153
590557726
363400088
414948088
101706841
721877221
387329484
415403784
447827228
621096962
726690302
262826048
649887443
98770546
586596463
741862030
303793758
354001155
789972846
513032012
732793741
432841249
98603789
995728815
90071817
319625212
251372635
18840672
113058454
359145230
581445613
892829037
256891753
220713555
283448416
769360447
731943187
564288651
965001393
327983507
713569311
963308500
488777109
744124283
349122596
55518466
722586755
361063307
595004828
409560989
385641734
53192491
70314838
358885638
998531750
145934466
417713637
655828373
48313683
477139079
934057996
82509295
361409037
16072945
735387721
956172244
267018417
248703549
579415804
261165757
571233541
487775611
488388226
138879921
558777404
511961923
563801341
449647532
78941513
145508893
750734796
999798166
469540018
60850683
686558093
14105077
203113339
957745953
786655604
882077824
425960414
696206195
766323322
334825919
788419162
839438027
26703032
791062988
619169882
10261877
539471104
791744528
408235254
918043045
667506511
226803906
296912057
255364872
432199347
837789488
425500036
361766902
313539205
868214647
717996355
198242057
262384097
993988190
123516129
40458060
207885376
719229411
139346759
57159536
751874647
384511997
998895338
872529955
228146812
524910991
959916795
239191472
585381293
389409679
938016636
622333669
284773740
202564575
962566331
51922500
105036263
746091811
8150116
558774754
425516213
403777105
888817638
146569234
510016837
507167999
39197787
722696305
643251566
178369761
609242355
944317522
626704970
633287675
818812769
71207214
809244591
281209326
267496640
860518066
757264224
36865189
25322315
239155837
15253566
543979828
90850512
474767723
656469463
116172073
673981907
436242206
859770184
19610299
328509707
84027936
627074997
985768722
34301949
560974773
719490971
418021912
457938174
948984543
939438222
691891102
545585868
664831482
926559330
16897853
553895903
593890885
491479162
706825983
348325209
380273509
505070003
617386865
594312092
101548831
739403941
528939013
466984545
632956909
129021353
448689848
939019500
389918832
892954248
498863219
953448851
323084470
76425043
828200438
86647197
656676349
700074653
364859724
870063635
80375017
561216013
848367737
451505564
488339404
699657158
23135659
516791423
792484436
421848415
4920998
772172228
71930195
258018169
980135611
373166113
843317121
912981415
151741302
719044581
112905954
779427763
275216316
803944973
710031840
38576465
167806912
326528203
780525719
117041085
976606822
846017157
431952172
88928034
218687816
713831024
602591451
953967117
322545970
269018277
402342617
624874631
330004804
90139778
287390490
951799913
295730899
441301309
826398672
589032290
500755754
101292825
35059042
104918697
444373010
708748324
133875819
122240959
80965799
67680045
380511581
233912810
194451822
494589369
175470666
12320059
597437003
967027878
758617366
175605095
958067199
608283817
270571190
843617658
31190060
210107087
576398087
775884947
339803867
509825567
617433510
972453647
255603167
559048037
956764963
6979292
369054390
796269009
253890987
963296310
712769468
615356062
31068835
445365801
182106250
555755817
524845183
207140603
58881877
381658547
544464963
55138725
615348940
653314779
975131438
783401270
330515045
281801181
590892450
744386014
263894729
509092118
643739760
553887813
330837564
971269683
28104096
716912186
246664890
981990302
294920713
191853745
921455769
62991333
143038854
976339417
501090042
830631700
71270342
951898913
307957139
428768100
185501189
873268231
20798201
316630578
297048994
642153670
998496089
602355467
327492872
504768297
706895750
890893367
295275301
794719119
420641207
6195489
81756328
261927093
634406583
134886489
633519952
114486363
822728513
737123977
917940393
87860347
541078209
813541720
112646836
840478916
12541958
592791702
638437786
3190208
603151606
772504556
999734489
997680638
971956652
555582783
341466338
656687651
156612828
105526439
30332170
553347301
713804842
589487282
220657931
854993644
190892829
341674497
160100444
745667939
882055969
570004420
408008466
437587398
399179790
64420564
452451975
945454186
446931670
984474132
536601560
477044873
964043522
349967066
434730253
325979869
621889220
386630085
459637153
154415414
445224713
505570532
648510715
953345880
916621373
401236246
48898530
939625525
338631447
716643517
27953947
66237111
283955922
291684402
229936187
482429471
285485437
739459292
456185479
578741975
487539665
33182703
985193771
861257600
278561727
461257817
774900138
680373993
222176741
609350848
722547929
307945826
820955714
424567783
201751277
318980760
467799391
217321175
336354748
808548432
598094016
231793472
203254113
613010175
642096185
742851983
54446176
135349454
525908174
937359193
418764533
492402748
173441014
429977926
48775734
817670281
183271093
789436047
302990573
590721258
710771287
41525581
554401311
378650232
664548267
287772738
43493676
604853150
809548230
427380884
386135383
205731754
919795430
982520376
771835226
618021355
959836255
838262
180973388
325095904
283795920
941864852
931002023
91039912
482736130
711506049
40851664
875675619
969994302
656930213
188896698
167011431
367927430
370882766
680434350
758317831
975663108
446871088
656302359
37703545
210368283
426201179
577929210
679393677
70098934
366196232
648079378
232676359
388486118
48886465
919857300
885176440
94819337
949573504
118905087
19664366
80634860
237243281
541069010
121076444
518774485
603845028
127138208
469948236
296558162
331597107
96160703
130798617
858970587
212189653
116521196
258617483
304036366
78754045
716150385
188559400
933605186
319152321
965710628
9176535
558307007
76867338
183598459
68593303
977726738
563504007
941377843
726275614
555663301
740779772
901671587
144264895
901352815
961406997
656439844
635370022
87325631
98997522
587683709
295767679
170324361
705197439
87495764
164049693
487479299
598843838
783560404
803785504
688013036
252257240
240563704
923223188
542578682
881514006
76371567
222107013
794741635
706391831
635803706
245308247
672458952
126472773
11150239
614844926
221592583
178165431
784794821
636118841
916417430
236737907
507503475
157840968
391860923
290582761
248544973
736597395
146771897
475409740
222852425
111558938
153855226
793644442
811148558
249863515
396323084
801119437
168588608
453278278
44581418
525596390
509208414
300523435
725605186
963855345
794831437
764085240
837162666
777417361
951600932
845604005
114530436
767398990
144296160
331353492
780541177
59211148
546543431
397090693
790020156
282980817
84284815
510791232
200823975
930789478
573160392
133317083
607475026
356914753
313597369
146131098
652127019
745672971
106261963
616687618
447728268
76074911
605462251
726850168
156196336
298328095
999862452
821303183
798565972
665893029
410964549
880499861
73989478
851174379
869066724
690760251
129968889
654570811
639619691
565474937
901297242
998993472
122745537
289051576
682063839
442514407
319276527
365431960
369633106
683044532
478459424
837483386
139759896
181374942
336080737
103585794
435350829
893928113
945192345
892476289
307507874
750822408
499198960
319757745
12866986
677475322
440722540
43808721
649008171
84764490
833868695
736999561
723963597
136205667
373651076
556083492
335022663
314032408
6271276
334302240
612747891
913514785
448696835
754984597
410887764
746136315
590705063
949443572
863392616
472513964
921550677
605212866
760651794
416190245
85719091
632510308
114922753
617409474
57215085
884711360
40257989
395042101
472279502
191100822
874343236
356496971
501074076
4932723
264193104
154239933
424541981
822201379
410694629
573733812
111697249
794823371
683042536
305989252
142361921
246023506
211029499
408939689
903918745
15764527
986894087
789511531
126791373
351060867
128768513
511800130
903238962
265379372
342306807
462763449
872996134
925683074
522298060
497747222
672065694
707900992
315246068
329322388
933968980
988128905
219283436
976298459
278648811
530360434
884902224
201765599
843751622
639375971
295614417
269233939
480187475
513238570
164906321
727251198
786087276
627832592
90690165
636145586
290541067
609021205
980216388
978509906
790981448
353182511
787345079
393907376
814151906
634783696
198638159
858230392
969911253
829593486
754276360
493381567
199183890
351896638
884583447
51337571
461922617
350581100
214184661
415030870
504569247
463355435
706985339
835092199
281643593
97449898
157963632
778686975
102644691
763642591
575063913
332181414
579918603
759941527
514216377
71891394
605494149
908562947
824403760
134290447
664492488
566351334
995353344
965992137
565819930
479037682
722773743
132834342
538283277
162404094
781914719
615773918
362460616
815861799
757225919
227254136
139176875
283355601
525277526
638976486
136560319
907281754
523208626
217430808
695551723
402731639
726234745
30338170
461770632
865682921
713867379
460742789
404165998
439538827
904959129
551971613
361625329
601112773
436313587
832184033
696592808
218144646
973893165
195125613
607700159
998521822
88187896
528174699
836620
666013319
869316642
979218279
975418004
575086682
210465553
856803648
17506190
172893842
687482499
708269762
783162498
782567717
571186233
921353784
764455891
155009596
771571802
30319549
235385610
12143885
349461723
553273456
176001744
654673924
678303291
593003270
113315438
876649109
989837899
888279723
718910387
640165157
980589598
170904018
408245959
315127984
764943344
129506908
182387106
144867628
990944748
472655493
743736486
227733164
988412868
204433045
970189329
987833285
645698370
71173586
425806062
774819994
654903564
88876509
993560974
33647422
978290641
870275697
626175385
157590538
388818796
909667513
197523108
798130555
525097213
244671341
60570507
2087425
897701039
610139626
415709085
707386483
351395201
181463416
807254229
185298176
887771474
107848749
436240789
491150002
770492658
644537788
203572370
806195049
683780053
414321837
745724630
188906656
151505912
41596324
832172807
474597485
491484425
992337327
93320049
7516622
627553407
220745714
308534703
996054640
127941539
483503469
281243395
64152768
228149030
927111708
891841831
196798836
504072195
67242265
984705416
848912302
607973449
530124716
108079664
146571958
875889198
275703667
280145231
923475834
401493361
252012789
237674363
257112957
104545417
326480219
174836173
628370886
99894146
346103979
376262480
832027485
635201105
301768051
684751350
979851112
28184636
141760969
780289087
324161630
842353155
285480673
464606064
207255723
91117591
112356984
262854500
848601896
264867035
266420069
77347229
482627846
20441215
698980019
118094801
826199003
298985334
127229649
150309604
419984919
465200552
421623013
827923668
721344816
473579032
868827215
17335183
765615559
377576769
510209060
316929272
628202722
541639578
657973982
8947702
377861418
989148126
285475358
268556813
418262014
241030497
763941840
622724191
262447794
627242758
124263273
634006486
567186027
424103084
724236475
859977704
401913266
368444981
850105950
757153078
92070852
644993974
242768666
624979899
733593835
846598124
406776472
281586230
923269895
942127286
365357888
844106818
684076388
470134677
2035614
442778341
995950866
850562413
668541016
511327281
838798232
175693016
392580908
569557270
192108729
426107704
594903940
511338831
331449261
477636800
175112082
194803172
917692735
290743237
244497840
221460504
330464899
69642082
342741545
721399890
618338446
976966555
860838012
267655699
561389337
42937703
263962196
943897207
722539738
548126442
113489361
940379247
239142585
132133747
279556369
964925405
225183867
365781127
202432429
573933159
310865969
586960704
657996973
984781234
240838681
287776559
276958670
92259595
347496814
249018458
517434744
199140065
903130214
700431241
762669683
922422278
793792717
253597194
757331230
499174873
864312213
952388299
338754265
250867394
334994392
657855475
420576305
627759175
38854946
766165426
427770739
483422222
142465541
383723120
322045668
223008278
184194358
706529862
68605142
737173202
639902963
113097283
673820659
46672559
842707918
764956949
418577021
907578448
933338270
845868260
495860104
137688790
31176459
509208180
520078181
73270289
167699500
346917313
803964265
821227796
605369296
984812585
3862625
408423158
615411969
56821324
501420804
557542212
467868621
926141401
769912233
62594117
645611192
127049739
290654042
743103056
185619014
811661671
825469572
501697332
379316585
66070361
562047389
498980409
89672739
33245806
650558580
413197682
968490371
323902612
268904120
539474822
238050763
567071677
190570952
123039879
693443698
723940135
178376549
45606686
612381079
295003144
346855455
365406215
208560870
929551537
554468612
267909095
656418010
666050405
693097873
616881601
959318135
492319993
789701856
932610279
1514778
516473296
419579312
709082639
312572060
176368754
275042193
378161014
55389450
677935976
793148508
651529385
351645237
698405368
309400250
281621314
937116265
966091103
220704199
385584615
333257180
749720565
631170313
392689434
35157562
288964154
236729464
635705322
337024928
421084269
485267719
172762478
189613803
826661649
586809357
832176043
743606578
922715864
73145751
575766347
32905968
983904819
489054358
337693895
322292910
903310400
561102317
243056578
352328210
165730567
490445275
635158868
263658880
1157499
809639763
895080495
773374748
782779813
339360917
904284895
420875398
746281948
790971667
463314079
202247620
258131093
913728356
725553402
807257114
829751207
97502295
695221546
813155184
530627714
44756005
120076243
7290505
44718126
114038664
816729871
509360762
564581913
546742783
355824027
35248271
217751386
881067976
113629455
315053787
184079817
716593311
121615187
784805466
266370739
692821780
697978737
893320306
505826112
12932095
598665604
311242350
20545327
790838680
32439429
519208460
510759290
455977402
999465237
94228529
781628099
243829789
134612068
21216825
126559642
833276890
687127402
492938728
703956578
104182811
125633284
34989970
440326914
323630652
683027475
852305028
173820833
9455540
976451345
298710091
442482761
998166045
101705259
884780987
498045448
761022216
716026158
84210209
336271120
965871541
75557471
131946784
97760623
984839216
114561280
670399203
944211190
240396469
61364745
227713301
909612855
359339232
380982316
319024897
874194058
87294903
140941812
176332843
905201934
608145465
257984166
330638366
441110878
218384206
437973651
214690441
773059683
624769266
641632979
567755690
396329701
443612793
322038128
778607145
644797052
647343439
292062544
325123790
707149467
686225096
755539686
288138037
84778716
164196808
16862868
797313483
866965775
719500485
833288402
257727245
887497982
423089953
929983058
423924070
366961032
137316059
387237171
393465919
849539229
639444081
174574156
524001132
920152123
573308015
398999597
449128203
160203610
724512554
296218786
237507276
338531469
766302250
944175418
919065643
539194673
883497683
487145317
168748766
283815056
883260074
873953754
256536568
152951536
725315430
740190759
465508593
778916274
999796661
577827715
384181748
302631809
642359110
401095766
189181436
132200436
989882525
705997719
429586989
265307612
519248151
794084741
496903904
456544269
639356710
353362032
375405562
336242155
719071958
469572887
926660136
511705979
12943169
637833517
180144680
147205996
120112281
929046200
226007194
857189960
952604183
234061494
318814046
861921125
405107600
450474592
633261491
206157588
435126020
407883697
737013025
500635741
621191995
837890406
798070214
200459641
295896006
903043094
224332166
665449246
740985854
961926701
58839372
72607130
995493175
721949141
345126322
591222522
671500614
527227447
659229111
880232995
588959227
786320904
806202936
976276927
619925044
546373381
626735788
937840761
646916390
658325618
838409451
715977286
795210980
690260577
360695009
257466232
553022945
266348911
922059837
561553080
900623992
74916660
665851484
984249715
255306322
209937073
677209930
669441377
930555291
27108593
656777089
793217822
812555665
54147232
727810646
280260249
131374268
764402602
178809090
849987862
367969771
905561125
941463973
337073777
789340105
868013762
923505920
185296973
168848778
801127225
269149376
90772465
811297725
870078876
454459295
390931136
135891767
994970032
811935103
111528595
885391283
667683715
158317583
597797525
764574424
534574433
350249876
357298609
355057254
829415987
993859951
422514969
299491723
990374813
68750445
175605374
96691532
413819102
810236072
151583633
459933618
36486291
697105928
751406409
416873820
985735287
306523131
247645985
260317156
951848424
239288832
686772590
925443416
150775512
448803270
654558536
532806474
309295494
177929072
837835229
62175285
418119492
928656205
776929803
781174987
61970584
295193049
458988130
103593535
560293491
623384425
481791886
906866730
784489579
913906381
404456629
101590598
270888543
908778823
980590369
953481486
865668726
288052458
10433016
614795432
270230602
796603997
523191650
826757659
336426144
801828432
601120611
371504305
440539311
501659764
842663690
734878565
745512323
885549110
168974632
175896357
530715162
579520124
6403955
978297847
649973187
139708531
795462036
391756342
471889857
113221914
407026415
660778666
208354193
663979797
681367326
236415312
185637273
294447316
237622996
817927901
348766034
840886547
959006151
115841120
99678727
565745934
631725653
510285016
594378485
943173077
511185055
88587693
339820126
375091036
352738272
455759274
458621870
284855310
866070080
955352166
652566454
751080349
933956777
379166513
298709365
310657532
814058338
788343232
958593178
737625136
990679251
557006835
973005470
668864022
513849724
55301753
642699102
133189985
826222456
803831010
339861687
355469666
280038805
379579988
284442493
889109807
356729655
219992607
977202035
413059838
227740119
132512161
758104595
835062940
820635993
963721590
777900810
263290625
608794552
472992897
292475489
670844976
853640245
710299054
355216498
624334560
474380267
954370062
550103046
167054984
362309218
75370885
624817006
85758598
88591680
493081907
804003419
618323480
217609513
312099867
569797444
529897094
101679406
841155415
461086205
364973787
592522585
329991626
103309029
394716641
538990304
646077228
688523020
423565309
395210247
371507096
902625730
828021694
12592731
691680618
14311295
533455010
269787989
609986629
423677752
3179494
230217194
134722282
523809503
873076262
444498029
111535983
684213939
688635525
980059400
77642480
59147827
351300404
160529421
648850384
10700401
536340213
511546120
370448954
245736948
540130258
810202406
920397566
531378831
543445191
461504044
487627060
372885579
244560205
645366022
473971989
148243440
914228085
875701613
60657520
182668365
972878221
140262904
937310544
85104685
208874027
698603452
652240769
603373063
259703900
574937745
906003877
605831313
722244965
679316371
480942752
389350570
833305659
144089149
875194719
442695184
578886624
263047781
424191797
779225756
227145439
229388863
580863572
769315479
370766352
537208073
701766915
394101432
896477078
322166556
333745956
667188286
609457179
192252407
854429893
104819707
935617762
540273211
324904596
485235431
404088589
310308011
81360292
126458869
27809796
612756031
556565236
466438786
404907763
243210783
223130776
536978439
923549655
400082000
191457492
270152455
97626315
93135717
789640691
331183868
639753585
140098921
186516499
48477661
348766628
202569084
521310221
495110026
20946805
745538056
10097229
146321050
989037868
924717226
932017842
801717759
310641058
592842160
326523280
934982859
959554235
216590644
587958172
872138078
922737183
858197544
960827331
979569429
615628999
560751556
637590017
283256724
693098076
118343777
203514633
288264369
729884478
257855214
862136115
940260464
574121311
338151957
689885896
675846541
336323535
890660087
232144263
267152762
143627846
737139490
604213943
218897558
261774673
68907556
530168822
785221558
921332058
734717676
723992943
120551135
490458858
251732978
265424202
386716566
928313744
933874662
823799410
471135134
658137060
265764142
346050955
987631347
984738848
402548626
145803334
473572109
452910297
632372412
227166124
413376552
615051263
359582650
265630149
685463243
677197274
717294181
429370151
602830464
678630812
664571210
208475760
430623538
176279867
902685036
421986925
984565221
159721984
343224800
609035967
797923062
352924316
947977631
742542001
369569754
793973494
754116813
42091031
103069700
302370084
702900580
463449550
646495914
109252659
144102634
475929308
791000629
962918058
509942380
418286930
523968741
87070083
947785849
162200893
36834720
184595078
889788670
767654828
33398869
57777155
291832124
328290200
681743218
295610666
272993678
529699954
449012673
56950628
240757278
194109414
191040996
81132617
623015969
139956402
452475631
281418869
397424089
582867478
566234099
729782584
904772951
802919765
713722597
118466093
383496279
722150733
1663452
609985971
892049655
571228559
817968660
243220150
765763000
659259471
283040286
807186758
295523447
408381210
357779159
229572169
219225013
455350484
710315281
76791487
195950797
828188553
57510240
895380370
992178513
57111125
137630778
862450338
467787379
14267798
838629995
799148206
407483562
614656504
809890224
710816164
925570268
486539715
51890526
742404540
458382729
128490934
287779841
369224566
92668108
818846762
233876872
797641256
500065984
384145218
299106901
522257913
379607903
308025464
766937358
5801323
990834843
332111844
958604800
201919728
495489560
527918543
799475264
567472452
318530531
968949814
237022976
90091701
555287240
780322769
820805967
345353128
192550669
496345099
419643987
795105343
693883519
948557922
272639034
637160681
857703855
193571584
8540123
613781907
846968717
643420764
380347546
431917906
40342812
382055648
899175663
584271633
776825504
865208587
736874353
613341642
562503916
786575572
266870612
113678232
54238099
403354091
292984773
896742785
860905858
421160283
232590095
72592747
854309134
436500400
572889933
628937321
401256555
140442119
945567201
167866081
261890150
589708332
71392162
69079450
934675496
856476011
859496984
9939217
797017669
453565372
110083534
886511284
449737695
518399558
170462205
65835293
929460216
2275803
733626688
307382159
471929356
821399202
975243899
355215869
288611251
8373686
838934722
744164606
980279608
360009013
605198300
750573287
488266698
208036213
604680463
134986329
797656440
332981923
719419843
937594680
245577453
64166710
948018293
25818296
843486674
636841830
997705028
307572770
688507208
15127336
759962378
808223675
160918310
264471898
28407367
27855672
42789850
201476908
237786484
400758886
752305008
968318285
824340039
868215054
149693493
910175187
365560031
211473043
999861685
841290025
442800433
77003012
286935652
196375873
855775910
458616411
965668820
47193704
672856914
806112051
350551531
866515240
966182448
875271318
894337105
106660542
163822563
900149282
322649493
553390888
180276720
772366361
15263911
709598531
24353378
831549198
235542937
361401414
40535049
658885736
970856981
428736269
502867240
808964558
122328071
320537079
486726985
883375558
319446693
734879429
386527029
277302049
571011442
377316566
711459809
430046668
850305292
131176843
532463203
251407045
670867681
159349812
667349147
103963930
754071224
84472827
957064664
763517499
270006577
571839741
942949490
737332442
966530376
511142417
172348327
767334903
724109618
248800006
426730147
906803206
956773461
934157432
145740899
593549416
977887013
875562385
479535090
136851860
990675371
285141210
260360115
425306635
471984641
382049162
11118513
563527389
165972516
598088048
959383451
430273783
902609678
251441782
378104965
30014230
801392189
749827387
657720005
683425257
77062638
194294148
843960742
186369077
639824890
63253013
23887559
82370449
690106650
361802771
905756587
359938880
628894219
329541532
406918230
785410531
307733008
999241001
195944383
802002617
264913949
995181291
912631208
302800808
775578314
240867148
328864778
728131266
98796741
962587293
14917621
164788629
827472272
262094662
918380289
965615619
820377816
246008977
216036372
721930004
279882873
771411230
585884029
279026481
491624754
52004690
858313330
100328120
437265215
65330705
214693704
552553084
110696930
395777863
823153710
257936096
141109514
629887603
544506980
646319950
399815972
731888666
661939738
372559060
279094032
132688641
845118797
645454382
926171459
471868121
591210999
27163912
202968011
478631839
70900678
591886278
921756430
986854052
928131131
105156189
635808677
114171627
556075590
80434360
251650014
210629059
484067900
229458188
938722676
235601747
669865710
551318084
520180282
298538042
885579109
719660631
33311394
666705788
199817818
407478211
427215554
340557717
68624050
669765522
460878198
908731808
892743755
769392927
190084388
227288600
899621932
337575556
200309842
702286322
950445357
893449646
176142978
345463905
531706500
529025676
314686585
972916182
299422656
872852034
781562041
639973548
623078358
826865067
911543168
744766049
407953485
150649435
425946355
319293587
598624554
472564051
302258643
729109552
196202226
866837045
804989278
531277264
885900945
892799923
573281460
300370837
557926782
775937339
168843370
547927273
294113071
854217646
936362037
936252928
664033847
126246186
501583498
593047517
153902937
991721040
951028917
848336350
382059794
351347982
198293203
298496886
473541418
436904533
894378283
727669927
675868924
786389003
102997683
781012609
421875676
845174678
725943903
854130055
315009629
736426706
907206293
674437954
822373189
299412397
997889837
755301611
606537755
836786803
582983347
615873351
220942461
881380674
894838941
271331479
45185387
950871339
885888175
351590260
12385304
728525765
421431509
332821392
571069577
392533519
337522085
687348576
860658660
274258134
718516709
707538181
210786758
593544555
571093441
749081346
488059700
615402108
358896436
915120167
613997575
514808654
769728602
774648508
18478627
381436486
626222132
421756807
500250014
389072058
634725179
397214298
47923001
879157531
323624833
434064016
133074812
40788943
366347383
421316787
221128303
795400929
145817908
934409605
804435049
622883184
953052399
91374881
445201404
458513024
28456480
287263834
211906990
677436665
278529279
746981972
569154139
610935764
997313093
697542186
141720941
272448178
87739303
647758823
1847801
765124772
109359988
992642221
710336938
990857697
944177699
815022
409013533
165304618
601628533
328127849
541202910
828980401
898581272
362305135
146093207
974874191
299030306
420536387
847122235
920394283
689029141
262486670
247349677
406928970
485248308
294163164
283139599
385773432
996005132
261000449
327068571
605390652
344202666
565842317
532110425
604086107
884486272
760896030
899440233
860430306
914326049
217819720
557984348
437148338
119617413
533596146
248903271
971072133
401253006
746376528
240865603
148769655
459363487
848625573
573241252
266339135
991053252
651854178
66763846
32518069
28376991
984895144
639407031
627198317
12940349
829057277
896521813
518711357
173591094
678965383
547255912
971368096
822042474
391167583
412702697
207757029
802042162
895727091
642834448
678988862
256430086
198941026
834256135
898851833
769382778
476160760
967828069
869625120
297029602
963442485
625257965
552516735
739827878
174104619
676094430
955639427
88192184
143888640
297559796
281332930
644022602
359545855
823139009
448905361
350735472
261472061
596741183
313394226
104079683
47776621
484723262
663589448
149120147
683217043
856915042
715708034
637736154
671379855
193229126
615790156
443438113
88941511
547383731
798688459
964729916
879910227
322405177
887300594
810255575
155443516
747131533
814233933
992135018
251178533
402941145
92866558
279935793
510848848
184324131
292023423
544745855
960891799
23842018
45162835
279591292
931260364
864009320
112452971
252009778
865326535
210402182
582785138
969360154
477714576
889753851
292361812
72193650
585670600
755512074
932812900
224305268
513779097
903536752
162249306
121770673
290064658
163817702
257475731
612669961
181563851
926742782
851812138
694773654
11073041
472169023
869984680
964920631
913662000
202632991
337502110
681880025
728736979
530290100
394127541
412174484
383291892
662628777
469184429
730275527
511045458
375901335
275487992
131108892
409529241
810652941
646595654
862274624
891344919
204292131
863990385
667529741
842553036
327266640
895957782
677091536
204176995
895684454
262101944
685522290
788722870
800193489
899895216
935079629
462149212
353067539
278778923
420316550
170067529
88078694
476558469
882783647
682489980
159297489
955965517
280436004
535210836
654940427
156497522
384647656
989961503
891009130
961140208
810039366
580347582
40168050
437966694
24625417
523885437
724498188
499866873
709994547
868475875
739570201
516038515
224123156
829238069
413211767
168887199
976872
665636707
730260300
577666049
522217044
143781322
276284544
673697112
931824873
262772128
332826745
147475258
751293205
48659483
566384932
966022292
306973927
844633323
489066370
647631939
494975221
977452559
245817826
407602652
281779928
759962607
441319665
92391194
199141715
54457896
70357613
776182833
205191793
410732811
94059470
256310637
669926510
514641388
865425074
155724010
633416673
664320954
763613522
26467056
310503446
314373952
527071931
434612854
134212457
15962000
132823617
389212561
737909353
686666907
50964723
256528219
821600442
671118693
128219495
684957708
662624199
657820440
529504287
333709799
721911186
254396385
560639125
343653727
447255229
900058805
754436628
201386728
723867116
283004497
306936979
661765291
445201049
919305083
912844149
789406982
848480998
727683281
70200761
558458897
420395323
176432954
558377124
654556798
420876138
586905934
469588272
623139235
358410928
479656826
652052346
761326593
593495541
892021943
92860869
487221183
867804027
468399448
163934200
847606714
290969788
488200282
518854730
382373426
763796323
983171158
602367028
112156438
151061513
486426238
968508762
995164641
586799769
933394893
460993946
613559518
769314553
983181539
61327602
327134702
484525236
756509458
743024464
597814323
995867504
741874245
89384492
976069143
586328716
361872661
792008900
813261777
19328208
778505127
553714727
617540376
337376035
394285414
214779577
946706238
128463060
552151932
62083324
786199611
492277067
988172249
927894665
794551166
606463683
743785044
445274953
77520838
217201580
775643583
799770479
589797576
474109257
497990476
813742875
350843264
912355954
70475695
948955879
43424889
467451401
664066631
749080255
876357548
520958246
30889301
36696564
192888250
372328224
649006975
832550953
546647515
978734245
499682286
840842050
77087660
217909543
669252306
801825645
979909525
658859264
226803375
985649292
364046632
637115759
866749058
721783608
314539012
497689036
187666744
956887469
614540748
345407739
10430766
666204477
30635600
891291268
369106868
56528101
942434912
414334896
567083319
853993666
723171552
189277857
90415636
235829279
425682696
192228375
367381336
874309620
41719857
536476483
863062856
912935599
690471057
861891927
704546677
737656184
10975205
744787462
68320978
434916946
72778640
284412907
785494955
369759624
389225485
416384877
35096817
706525847
622803625
983645224
984685505
707690468
865911958
584393429
741202723
25315943
896921927
250190116
982784039
662182639
422806986
709052868
498879354
452855246
978574903
897765042
408761316
241814931
597539554
783014346
910737637
681861273
321009432
709306381
961821879
932515024
875311928
602971746
281861616
27654823
636206514
501820526
125819992
481325119
850369719
892521292
731954730
594067863
21391138
454868804
197493542
531259161
59344899
160159736
433808545
203348886
275884483
143894879
801279770
452573069
847923498
185909836
687612522
850142219
425501201
565367531
839164104
823701869
926843045
33474846
566533396
871762251
632532705
403760153
106423785
97722590
320900810
604609466
210231345
517380616
444015034
457521471
799227210
829477883
925093174
19762932
705585459
550196621
879926552
624163555
995468088
558727232
327023977
649188099
687716011
88794259
443774353
418108734
159440811
281732742
485624689
990558659
999086456
293391307
481728733
5400891
547566587
745221379
994717041
481124892
160646633
392150918
695994519
560731815
757088540
643029561
416458101
948867982
230781840
852418997
87042341
370844117
43986013
624225502
222969137
53562172
420526613
888658921
596560388
830572572
440577635
227076756
322550105
115584172
866662266
534924696
526556356
152553280
824241285
503730257
779006365
865841384
49540190
191441556
841219515
211461029
289609630
554522007
528883341
155458692
193716179
306936515
787894240
414651319
879045477
591157858
380402681
860007989
918093607
178784126
917905218
19381155
464900884
29983025
940783772
245678037
357952988
506112941
297563500
115411089
410145734
337551820
793393620
35691657
174349324
866795892
812594219
539338636
747715137
733402671
427468641
939686159
375216034
321921547
666225536
298905459
192930807
254733554
562557596
150515943
945616701
726140783
860081267
208344204
451660351
997226173
535126024
698303169
155112836
353318393
783558570
192362928
845025385
145993241
776029974
834310445
262429718
611136061
945389418
196507484
311084805
419140166
416141019
288958882
355025288
444371421
140351793
591322273
696552638
293019846
140304419
611848464
512549816
522174789
781875399
680713760
143478286
288145518
156820868
230250762
407969179
96689977
184372691
101791461
135245872
891940294
11204418
180949112
959588830
842699388
309512574
303707001
159366784
566074713
735181313
652944271
359345528
771403420
783103719
95913602
430880216
651299324
769701510
846619804
695454161
48953887
684015856
127448629
134434986
362069070
132553931
156889022
601902302
899662867
684772029
891268986
456732257
463327684
109430283
855372684
714658542
355149124
594069203
606749011
147852041
940640156
179570047
937373173
846534650
449462889
667779558
699395797
714800318
83984760
889911918
865052087
877221643
15121792
766648454
606708378
706921179
88710712
711318404
829246492
101310939
464499126
370425439
592901788
186507157
921368166
627604402
853487005
110751024
97908949
239294549
192050423
365033404
709320554
117635152
663320608
664460913
323788408
144515785
50973315
176265753
313749583
69047906
189185918
201455695
67947749
977322869
890600668
382928317
82880070
51403168
582258132
678379652
754017898
654928157
648694396
647683173
238167469
224558985
700252314
247469548
419292811
608304823
478520427
993782748
88790379
601742269
85468684
222257147
634938726
935952055
804475821
38791256
726063164
327306521
34921716
640037602
815846794
214428324
876038105
560447138
680119409
999996138
885166210
900639923
854514391
653534888
359706435
100846926
653952225
61231395
640616803
388423992
443093385
687217657
750562192
537684122
47512050
529972248
106239094
91938438
277930490
97832685
380873537
262202896
372802218
317346802
385901777
993618007
742088937
416557049
878305385
666371947
785456
40530503
137059681
511052425
632692609
151338521
229951189
326791596
150087774
970989297
721085780
22120716
227102468
258257019
811178876
212782522
368384664
533905543
774799072
356454132
108668812
606317011
399872148
432845299
652465891
267148614
382815390
591391530
252794123
660698480
62954895
698605426
341183048
331893875
617193772
543885001
848994087
997197446
594547750
481168865
590413802
927756839
808787770
41798312
119686654
729304482
375627607
388273659
674058940
135724044
930124082
728292188
422684878
291590695
992155074
391443877
647101258
271346755
774796686
959712947
517983145
773231827
725776272
69569686
698128230
187393940
558313917
176871349
842646753
793879124
225765831
350102792
543468753
527215151
365085783
708718710
102710628
762677601
283509302
338346807
603992619
972327937
5256519
602266156
759787326
656361506
804736399
265765510
609340582
778037492
27759377
164646485
311682230
364364259
47148077
67863104
924466805
731801430
819975207
862752992
67972828
428200512
449490534
47723572
935337893
104617085
280011034
532559628
225787482
251915013
307028309
306567942
69818883
923149243
659495081
539657589
478218943
227981142
961507395
211299653
233990072
15895222
932840365
211071437
35394907
572992065
559136021
205078519
30931882
53122024
324714639
958831215
633687192
628777063
996611863
383599017
720140470
608286132
763591374
303246150
387937838
427276662
795641343
160568315
551860070
250853858
654379672
36588545
152533711
763574934
352974506
586990394
479013768
16662683
264898449
697383908
372304771
336433370
84362771
404975206
62350840
737016853
661055146
349775907
171079988
189479505
592401208
674379345
95188708
32301484
642104067
969529842
620413161
745571176
377542691
31098356
407982027
846348671
996690269
544568140
90270129
909083321
101751240
402937456
385452567
766557765
943375495
388300507
863360985
214214763
666869578
61305548
802603383
627660555
359530932
604868416
810167243
384968501
7405989
439391217
926435175
745458866
676719881
966796768
665053160
922337120
637280844
651891683
459643320
139743951
661132023
379116816
372464057
812857116
810522431
371975349
72029375
246811626
42651583
737940448
898057136
916979875
626672135
13569648
910500779
463485447
593814006
566127896
623242571
344338479
810631213
353202127
552310676
30567607
928531586
125392360
347667190
18375267
403994312
953193208
87481059
894557770
264718247
820986938
29476574
290648604
555830584
438688995
168817063
892113704
450040663
318265974
205652517
184642581
753771087
226729454
84394203
900377507
64166858
277558259
766042404
415931749
499446292
278907127
913767403
466113166
661413158
993892364
3299837
720300105
567186350
347230340
692924643
786782295
273163983
712909511
535311322
710247412
954612437
160087083
999976628
591915772
261210825
15289934
90388140
726808740
231137957
792440980
401504359
471570478
917054129
499585758
532142654
308652644
510893897
581325908
946154714
955253927
613149814
220113163
685329004
548246582
756486670
321104546
860660205
706856051
72098029
245474492
393359004
683550065
500621489
708764039
730965226
741879345
921336616
370944506
453487203
166448705
299665849
109124653
112474803
269841164
797640144
841243726
382407991
245124340
812349149
211786475
554395893
48818428
663194036
221207719
636781088
462990784
924258521
266333569
624161588
991280982
726247545
248311770
727265137
46028018
763562918
496230206
558294993
470118403
514053654
869027563
571831769
440855994
185985295
121754855
68150200
77969085
688630149
753669257
913642830
584103390
639100156
794179857
377802639
806223223
178354732
930492231
720073343
580680217
369809642
641324453
81564164
212430007
841568377
861850417
759476332
86261617
273328998
244981105
196817806
958861852
973327170
471667667
819978186
227116837
166122549
911399234
65286745
403979462
325231982
668438967
168910648
663795333
659902925
623279764
257066319
215430924
571047573
205231847
660495830
446012093
916241161
848462675
826981813
884321393
597863253
961813316
125290627
703299587
902783737
42675130
454432027
240442964
72681494
479466730
585529323
20688476
445410669
736007123
755407490
29654920
719047166
699019268
631847603
588138504
539513219
117288463
850526174
262728706
683008148
525253932
84654594
887004829
839468465
570561709
46802769
834329909
226217713
864481669
475380769
400356548
678398524
139669842
818857967
314310917
463673911
780162941
620938745
245781113
480210593
393425668
785677873
766468192
30345034
247808505
192124871
973683128
380359885
790963699
236670652
494402257
529586385
101477476
516648619
912383784
203157721
694566613
622943252
807193474
825802674
390412010
258238100
905080759
149599869
191240980
197513412
241065170
642548985
724268781
157911206
736067831
658763760
671458852
216776210
700343800
652245463
148855200
74065989
11542178
101136436
163737239
209648818
281108818
997815721
129942653
203268921
258160115
59449351
969321742
677862360
420613849
862525469
78614417
187264581
893846315
508776963
218845545
426367419
720270619
887851565
995098763
918649601
572434417
817833752
776430541
963408824
36871542
72800678
899463718
389085023
179047342
612279515
783108835
50704927
717060759
711274934
528416960
503226563
679449542
35979504
133307557
536315896
641516026
543628097
105995457
645350134
644164018
618713406
679803413
105239117
349039927
668680499
350428044
189103946
850130966
444458373
728057552
439280618
510719226
50265048
815522340
195146667
24088886
429387086
559592271
60443056
757959963
974134970
241087914
255062825
553388967
681562132
642813491
658420566
209563813
993923287
803114194
158040421
116994217
384148360
813840751
555312196
506377756
681786275
732747806
506790032
43111403
56839317
397000540
977598266
734064784
616157613
830568194
507191816
535304973
34839680
43748906
529166882
516845763
150415814
822013091
279479009
438041446
879432588
255428635
322617390
961249756
628013844
183027324
3626559
921941200
252022170
554087766
753057428
813467343
253785853
67480724
619510633
729371162
999618016
432874445
770324285
507142134
97456933
789021249
966895997
114344651
255259136
510624005
747759164
460791498
992144404
725107534
870613252
695837553
263218024
96072944
812977937
210934602
463852043
227946758
802544102
731597640
624510449
645893775
875181870
992545604
719246359
712772338
790653362
196197218
791075326
205476979
464421717
625052728
600137621
905985018
812069011
981070651
908125459
480949743
100263034
309108942
507248754
353728875
763421842
575153521
419917089
59813854
446004757
971725063
937423680
560063519
358482980
653378532
414745161
446277159
530300333
996596506
926945563
621834116
180164647
956600101
320182202
490527101
754355477
246118485
533994814
949498228
359502734
419166526
477202852
602648937
53283042
818796542
215815719
580409230
439820702
641456088
520679391
364771626
815831540
94365227
591777284
514892424
148983332
356706983
65700229
215752311
916992169
488090879
364787751
314969280
727730251
681131855
399067583
426200795
41429223
872024239
831095730
970568209
733535417
534841632
484375606
713718638
385470807
568310524
805967520
904851551
924294940
724943503
343369729
281512200
621666741
970322923
451661314
950402488
460533257
754919699
5644300
888884593
258452881
113938900
67066672
305760334
561223959
600006985
768694905
504326642
148916935
596622793
270863627
120651328
367929964
143872163
725907379
101932087
693416392
612248470
984441568
39328476
662445479
558362946
774730225
817666509
449077524
167815562
422277292
715623651
301773224
522862354
221923257
844535165
866961028
425663429
958570754
273180242
942140052
829429154
702780944
36915008
784124467
294795688
664817166
32453364
148143361
113592430
245519381
701953489
150988737
847575834
910695881
621655690
358020822
953457728
489914367
970480909
917437717
844573186
850093665
704364827
86645138
401749011
447445429
389470599
98076557
341237750
614804055
56421295
581213718
352221589
219715606
601851111
301576731
280046449
511792822
702059683
466509616
497991554
111114871
723010754
570469270
149290835
774571103
3468321
689219470
429770054
560615833
156831418
239253309
422420696
976676425
885738681
590147656
744372741
101954189
570012847
560519280
798850912
195180254
633560900
993173606
739724926
91024545
977685783
565520135
620128747
220520705
751820098
139701937
53299739
892939836
626653378
281321874
247026328
785487290
180958987
282605892
808645606
479144964
194215
222484329
839076809
844117107
241665883
944554952
726808791
653615824
781534533
965281832
456526984
144438366
183902117
673342993
296504748
859617875
941917372
104434164
71860380
535520057
456458891
13675248
32910502
127770616
288364346
606305247
167638650
244029003
52228405
306719251
100928514
741497173
759459812
253927254
454719426
782842745
841789284
511906906
974542953
820652725
634446125
100999405
380024782
499193721
150017441
348990346
313660998
344898992
929980928
435717710
712622684
601715132
799713600
274711547
364302921
863113374
522087809
240028456
328531488
425832463
324306516
556170454
993742861
606803529
669569180
926631149
951708286
315760047
832575710
957314356
121360611
497183890
195477110
789156368
138660224
923867425
217457927
290872492
925459797
625703220
116878176
694643369
141101041
107217226
745821043
627577374
692213980
310674498
223860651
562259852
67393233
897714717
576091155
243326370
610120283
322704097
781564369
549441928
801481249
238196870
531565748
593736670
419021541
998941122
804673867
752265183
700419757
944751277
958116149
397951061
510249500
104078571
317150982
903053755
577225875
464829965
66104442
762082942
35497567
732682627
415040156
777604439
322790296
189551180
179337398
818809585
339056333
118807855
263903629
822511416
3046303
262499421
384245766
138950725
699835224
208914993
597504780
729344920
326706729
838722124
597016831
908275257
22109406
110998147
252646115
555724031
567709728
518337551
132461699
809005855
801833791
250176948
103443453
824331496
467209978
113476263
977979044
507970163
464509285
622838328
251989005
683106878
66483062
700739078
985835059
372408725
55119909
811785699
760499574
215132058
742272168
759724114
3142461
249205919
313629430
105331245
315582343
711082580
769345103
966308966
507613073
63149175
1400362
779207827
145565538
554301727
971300391
853688496
309033505
83102162
152496024
311509496
108945852
930122880
818367947
111577537
842595195
490065066
420861520
782794886
945852963
1638573
192305665
561230693
325358544
46694563
309347147
976336330
773719641
132646797
351171376
314669573
486452668
258130272
682737356
76140294
787461362
406323191
53259449
709331296
863089132
769944189
40306004
162251815
705455122
550777424
395929724
188875017
258383825
136603472
46065697
927875813
149823613
321457140
566386402
89503439
260401583
373138334
39594781
467970119
510008823
542651003
361040117
632574408
365178745
505088789
492551244
967196947
728873657
829029582
221739111
585810923
582034660
442991135
449189523
511055267
117366262
903106213
173106607
292188094
215799923
14684345
488016432
208853363
612836147
835382273
159475483
462864522
353777018
824235385
421549263
963820265
965450621
840260584
440558212
408246923
118708404
634771280
767349525
956252369
439680473
383315083
800293064
403048047
536861595
726600206
286185052
139021379
104578849
958393633
228874466
256730893
869234162
528678390
543121491
66512952
552985412
192788418
645544685
483039117
454808947
245975451
714846581
108799846
930937031
244618976
88692932
336497443
459196246
34304383
292469313
516150946
331446
392337417
876501283
493460991
262316156
425347466
194351040
459844644
704319828
121645604
132102875
59993630
739028849
243531435
977101758
328355995
1671574
881041069
661930437
395013193
335419368
682790908
623211972
931241524
734207280
360818750
88995367
179658945
960016166
464439593
419096670
307292895
557734117
445647687
853108566
258004680
516774770
182435246
593059147
769994459
70386261
596421288
483172296
739821984
385036198
860679598
74842151
587659999
675397020
815104888
877167058
833573525
817998441
925805352
581260122
587962969
724314545
831603211
197642630
916569662
282432052
368738847
362295431
625226656
954159736
329625731
722663000
544161361
561464145
149711793
304001078
793925074
824572697
470624752
234586956
658951086
316103434
134723208
111345071
116076742
310195172
324162906
282417099
288635344
389025723
151716326
596022536
524592138
213616106
755945830
262311277
455728079
827386985
556717917
793431116
90206379
152059500
232373416
571650624
528114803
397636437
838827231
558020765
439380128
424560158
711461908
371114607
735960738
376068896
963783172
377694236
469939079
25599617
197437536
288008755
86235558
368408643
293698287
370875529
533649445
459628694
244501436
890345534
545203314
21477433
28623185
319492163
572496134
891140502
507130867
988566793
735464154
843165498
522471393
858589660
96387316
922334575
366609332
550200105
7206232
545353879
647096277
412351134
932553278
414185118
481146980
78633838
182897804
964357708
438235547
261613160
730756352
743283320
810624161
130140546
809238834
377150260
851764349
376576788
389735671
826653417
623058097
995318556
570792517
169213727
547632265
651486026
334516133
531694803
548170227
233917811
93048273
741568232
635548598
853138444
422713615
621716612
600519863
72760834
955040971
762836152
839049540
8863464
500614519
679624900
52252029
508246548
581957280
44930522
531561007
94403194
853089975
360030352
948691737
651231083
126050928
278115007
664500760
675569971
99398284
643266883
851732305
767483564
592961345
770403781
549657660
907390162
188435085
309973518
391559226
131063902
8141535
822589887
777543578
265235147
139460399
451120442
120256646
901922401
869490884
35437349
94863161
546797085
541078455
782117073
692139943
472358332
829425417
987050461
119000670
381324221
213333837
924904834
27130282
990107805
67210281
217600112
188596639
348091413
778607583
776182454
396738395
213579076
610234625
161161967
307747627
663060183
526793795
990239134
513732232
321061351
861841206
18463642
17379936
329398089
515133264
245238703
449617622
360267952
318980933
976230054
538216444
736851085
231337536
711060192
103549528
787329224
319270243
968297882
178985062
147436622
712486539
471284249
82972220
264283450
424297651
506763860
99039071
689869666
518634486
172358069
639027559
629778796
409808552
969761902
410227481
3015616
2674977
991177906
695791124
52681481
176028978
283583734
179509161
986203628
768009418
320703666
932896356
266775461
493585909
954453862
26213062
98399012
181277469
622173228
892706205
56394613
91505453
342367225
499374653
436884370
101988241
367104150
218489931
508269862
583745147
368652076
501758893
280621691
692746939
610182493
436496987
189477576
880022259
451514457
806058184
967397544
868115555
418419877
757235477
414459914
654936212
863479740
986312926
218203835
620741929
144486896
941931986
109456059
125380098
389143140
510548746
645994686
277855129
812291328
903791482
698852171
173830385
144381802
686402718
132784798
298410442
48263925
212634760
997426551
371658018
520946898
236816843
326160761
857060318
202861813
154669627
669321862
963363797
879130062
480784034
221271245
242950090
737663078
881623742
818892498
677404140
375677600
23045464
947014680
235441618
919159297
640134422
753782473
799015749
638811520
26674808
205590878
41294820
122649758
839902654
771833864
544557469
218887597
973998178
687641579
84491590
766652680
822310003
278102380
916147770
382230639
66541771
482755661
418966538
819000940
442556865
457117856
985684265
394567243
20182617
312392120
24369349
186160455
917620085
509204720
438837729
295740295
886183880
185462037
581727573
817645024
654352426
781748923
665939534
645793530
869285363
869832644
172575113
259559716
581751485
713408467
804890022
506325012
978989318
876785542
577300272
227176937
322177969
582754079
916378752
529911786
565412513
347491394
401206220
44046245
927993781
816169063
912087919
452617241
558720772
8235722
641353723
427362324
134700828
274947264
391093608
758148740
223575283
940426038
108970152
910620442
101740617
526798351
66488240
36878682
866006812
167989510
72179663
697104121
446237324
228005775
979163351
698554184
543511407
765535288
507041809
694753558
366858918
859823147
226992506
686956287
661678569
291715885
932554072
502976303
790706379
154595861
403130417
36036501
570900452
183893349
642821066
456087525
193459357
510612147
596649430
854672878
832817884
148837715
457266692
93470109
258361749
384865382
470271393
159267729
601355240
582673892
575074166
694791810
551360031
876052625
986670602
338825245
602776038
94360032
310507719
374459278
196989307
273767004
671410706
285409625
869208138
898177150
654265578
150567995
31684369
238869753
429876773
959383097
90494379
234501727
343995980
834986905
263530116
956881653
739311570
669995420
902359691
423239646
680149106
447493363
949714605
619957080
33410158
612763039
434277650
823477903
472888071
911151215
422668136
191594950
372062251
874648830
402905884
610375233
516670946
166799710
374441057
339201004
478175064
126569016
545705396
22199519
80533883
367370891
515176683
720089524
622638019
346909428
759670789
173822591
892369899
875902530
248052591
22499914
463583605
758979435
432635222
19908247
116175109
290005491
480915263
534324291
736027669
774728800
524812958
722007765
103846348
118761363
408589045
21270434
543879854
242767369
172347827
247861029
869942191
301010190
123415084
298599513
235304846
217282609
294093828
340326181
117600053
227084285
672442801
717237066
218337548
84207304
714731195
274331207
336960880
545463390
571145538
435041347
157436255
835798018
655224191
213877548
694832988
477155167
855655446
749869335
377223995
732119896
577469857
476760411
647427595
955992865
933793659
169922590
645232670
423724108
832467038
854068896
981509230
147240426
788034076
63593291
634607292
412208511
489358713
225214113
425978673
669233213
768533141
742232478
650818660
293254965
456624857
256598246
350052794
683752657
655116608
685446420
909154267
437058302
631058975
204519084
132222051
820374751
163422929
469606223
804428646
993667311
167237912
276828902
936511501
27635288
662514075
743639551
568814181
861608256
581737813
887322592
461626443
130680029
907417260
946758938
205816096
924190320
158140459
514232490
855222964
386133710
881778749
600499618
729951125
889134277
219797790
658141113
324132425
265337533
169106201
414299798
472791210
815720291
353547473
801769352
67097472
203292691
578515153
872816072
564366356
943444749
731892499
968535625
984897993
996427279
882493696
959523262
730598313
15823211
945776531
945940400
499622329
160661471
945910218
810691465
777485645
569781706
971795009
437835608
543785793
190061560
578656716
592639164
228326684
618024574
608423135
194924401
864473484
13649025
272163398
581070044
977322542
27336967
433075547
691041468
986991057
268681301
214935933
124395975
528860744
41718363
466609648
749060888
930431787
986612774
639180606
584573818
962195234
585398151
130254994
87353938
795253051
365810416
311768036
193046850
119271600
571945867
363430430
943445566
321186324
182969596
889974663
216760867
664093901
173180980
127933756
135617311
767251476
199167052
234386604
823244362
911162436
71725923
311087397
488656085
810347096
669262775
958947586
80963482
376472065
761837092
637399370
949675683
14236152
95460150
256143864
926196218
765501989
705066217
565726007
93983909
297753783
691292335
158023254
166247498
830843165
324357351
231209343
931095268
556708798
673186001
362542075
762878041
227897179
406954907
825049512
672147605
849299507
23218762
246644879
621909967
945506825
755782696
783228523
632427399
659698861
70016855
520068716
798471490
483879660
989588952
900339677
390120784
349791165
623810889
542438530
977483637
528288381
468796583
614379522
258632879
660957087
719850834
888153350
203043839
528667326
309921781
655817068
366554195
97133099
880678586
857518367
973131151
521577720
611198602
761091249
149307376
695397787
393362544
601947192
934913173
806937662
274547426
292038202
117649751
938052195
839791003
389871031
678843533
178916027
4508696
394300675
813240931
320721360
354399917
262475183
69922936
290416627
203759653
794782107
864335848
560118937
255029293
935318988
954480458
385918156
895909075
683968550
845340646
555613795
762077778
619549903
48160926
899595775
928970112
65308797
664420813
508238875
629972688
89986637
474633990
23193153
106083209
692990445
13162045
308282084
504036663
174417783
705054184
848040490
507873413
818461381
292515147
108565430
852228796
417716737
771116768
619224808
833826978
758170272
957964017
207583943
223832540
85617285
134048773
153719105
478853731
878079596
961076989
623095574
854153108
929789786
366611618
868556805
555075344
530149246
87928650
629837419
236383971
102273297
427854022
29378525
975613229
792075518
528676407
95873399
607804163
970106985
53089522
321668940
611755506
483917793
60259348
47126535
741309633
272458116
960454306
704834528
900395088
325409040
317088597
620228458
995458934
342719871
857730817
699165841
856830204
963896004
570424013
543363845
163917625
365226974
681462941
225550163
782847464
944254087
611697388
795116609
896864493
378331600
613011572
239462790
880977586
808095486
159876651
486843320
499406402
736919171
711829028
943783237
341199543
586671180
677979506
131776813
717797387
741419976
232966593
670659777
705066286
39771936
133472776
474849424
37780482
790651209
584934477
377038977
15717532
792540760
68435691
478582170
242818863
925396385
198304528
863344866
27959916
571427310
213108215
972529608
761034183
726580807
398581599
869286389
643189853
741034211
973581623
993974682
696297627
644382061
861632470
358161237
837923879
505537751
67774815
558636851
259002635
276980679
171872149
330665067
731569275
857283431
334576878
779548822
709234326
711874892
931133118
778187468
641529844
592801943
445384031
203229384
787606733
143490604
806503738
887398133
660236057
231611033
988441028
635874333
17897584
932783100
343019874
778816434
220224152
717578551
735574461
358094619
616122540
200413405
830569711
784710502
914026513
424731401
211739342
504002072
961684475
617286576
590399429
772070784
394079387
423382393
89632512
181127983
395206523
159991517
547954988
83316713
476056140
368108222
947843695
379195324
423364467
753989518
24497461
787523785
348834439
661173416
6351960
883492958
280048726
360551784
739047060
453766106
279478082
614636378
231129656
492070437
95651236
634320383
500812753
925933098
967699444
334731465
962864751
416586242
596493071
644473671
3149382
642739175
263453497
304463928
772051537
216554108
216255332
608817124
549251154
771463827
133638543
474580392
798408054
981849764
162342884
447875365
694692241
772872766
533783026
722278217
242282809
93697329
337997047
322258002
98923808
209980850
819854433
399037360
251185747
715034321
567417541
13165449
45144002
87210268
958010086
742896132
359356107
574059732
705044141
383405190
283538026
214620985
379132934
445951163
802628256
588536832
574178729
792710222
268031270
341693534
545837542
750515541
445472530
422332843
969375917
281700289
125179217
750318074
847099853
265820119
704620616
52046181
66492466
860322682
539103039
154582180
33739946
560440191
35387223
832357179
298712225
156118994
549219289
863268040
384455020
763018722
830549848
334835857
868080840
796186722
947053828
483801265
693387445
242853982
384594335
142459824
843175092
240685404
556610431
920450433
830234679
90093560
115697951
533202041
502261192
458884428
502158524
402839478
818271696
635223933
551400750
479449386
959406275
303404317
915513215
425664432
310337664
923689608
904118441
814329480
518643424
758847363
705860874
82496250
638054551
11298653
677613070
256244957
347734344
957169923
950044230
862659608
488459021
398534292
909786446
262896570
645389748
747384951
821775726
235167501
738921032
574664604
274650446
894180044
624811438
534181320
945939175
238856383
977436544
14449848
907602457
82222360
425668986
418413472
141089103
609940458
431824469
18404205
575183577
611259441
482762282
217034326
224862714
733586946
723571060
172899529
761143805
468978300
705465592
822436461
538169491
187706350
749202568
214730304
577946565
846436973
302128808
255494296
647831987
214035970
978062647
495813830
76704378
11340421
246085612
198519261
7291561
653474571
691995009
419295399
987643338
224318888
211942187
151032204
106094823
958421955
244455928
915884876
12207835
706212802
873334245
797936438
337355551
879632393
767493561
28085300
405602217
498977995
535625467
12859569
566471471
821644100
41775198
373593384
454694097
133399029
840187430
917278331
634079531
883271322
272302782
168829763
860166151
890499568
348098641
591003246
987663304
730871494
867940876
412212889
517726372
56612273
145350380
691487961
99734353
836024153
915161410
966491703
129283413
156668994
400478717
323286427
916424373
978406538
570907009
858994729
902277842
506080296
643765668
371208439
22748374
33461147
453143711
178199602
28361930
807819131
216109908
995471325
953890374
216192441
878293650
137518160
421117538
888259970
726834740
392129319
787928922
894021492
944455239
68878901
903168227
57565603
881095327
625915286
389217666
844664987
787900210
356982208
251798609
389623269
418093013
5982840
314680315
602711617
150553881
949406185
368189647
450932448
929984096
36168308
153203232
438091374
518713225
478477564
85488141
26968060
639499886
939976739
236295418
508075146
520483425
708389431
203481437
680411447
627342293
267080088
470974281
683622730
366706642
277243112
713647613
969621053
60783012
872842024
473030485
146106019
376408523
540172506
317827276
970224233
889658071
25563126
743065983
857268195
862247048
580120846
520257750
167017764
867997866
604251204
606105393
883499129
584492416
238567589
596720865
555271551
35794881
955936275
307748735
997095073
714425547
672814526
378461115
672508867
686644500
239051260
199264830
583949596
928596121
235517223
252631041
352101282
176192820
423981007
722540571
353736259
390358409
309417097
637793775
267312676
491339924
639080170
106707428
533193712
373038503
742751261
460935431
231931001
890184260
152901899
309292780
320184034
490183619
909183911
12824596
623313761
535285488
461978642
218729303
342020774
596043303
61140311
601667736
635474543
690013692
237163777
763672496
865824694
490223162
557521919
175826263
689231948
961360892
904420899
221812236
57363259
682245967
730562808
546066936
450856531
184168802
907023052
18204522
356877650
443318547
195924997
216818520
392159601
289482069
826525012
204507616
411067764
406428384
530599300
7327407
686656090
483804078
692278284
277008571
379628323
84316924
452339256
441479845
31012658
770225184
632645311
588170938
77290226
578707265
396249232
657273550
639429374
308971596
38296342
47580649
337317647
797282298
288317878
524055668
542365831
568167165
338184445
301821025
487492528
378924008
915847351
639923532
5964474
444758888
188862390
522065314
973979424
778712483
402829751
882736181
919830402
497366851
546032499
564808644
309230570
52661528
307360090
628325743
34396368
175457675
779263427
978771355
608080723
767098238
877151224
809595867
695901758
268365073
222370905
975859519
115910738
190167672
192764011
631961840
379942510
577667235
398754602
729124267
604813099
235486418
347415968
681230955
181853599
418396433
672164756
345919669
467885813
246308692
876608368
737027947
477585262
336533875
307592096
769548693
609613882
191464602
263727586
434869056
243692518
927358175
975332618
397512023
564581301
702061573
368038761
927041480
839250657
597424167
633793988
758924153
555889248
622054347
693028789
105292506
14181283
849195776
694587948
106105187
879787061
150204494
725425248
100914820
254507094
721847219
663518003
669464599
440570321
422631262
664192623
639155285
903906338
878104201
8258974
546129500
84414842
474251168
225362508
785925313
720956176
654395709
884669570
34647359
171888578
705198044
226306701
838504281
210105515
496865533
789745229
311302458
127715627
837011995
75813342
815815916
933081409
885093991
169572258
907356296
148763275
592699124
494046671
375814140
294321465
752280303
277472011
430587954
159153273
830424926
856275793
352031607
636931662
491167810
534056348
560201535
401142264
142994639
48387093
529172394
854993299
814126208
845940572
940433978
545145402
882759984
218015662
144509365
920265627
754177862
999810487
250466945
505338047
197659493
975399801
595306366
298537545
641496654
433743297
188673834
762944627
764746687
988268915
403137681
923270743
129217920
471048034
448407547
59203726
91098421
389525208
389325847
613057163
572203148
661099460
293348714
118149967
940059581
804097147
173236750
268706101
593495441
51348950
699128066
386688245
53174047
493284259
981719055
53467037
579402891
121115104
802117122
723039064
685130399
798637194
551814318
596734958
89115705
120410687
650716912
726842886
903065213
565321697
156135283
694886749
41612977
796254327
114039219
684639679
973350975
823348019
411980809
43763257
135989382
729916250
243488889
394643873
270006590
606587168
356540992
334230354
703758675
576129664
438622936
819723624
952964956
831523102
931684114
406028570
635518163
88818723
653960912
141742352
601481838
306487687
610119997
521621184
303916435
354458456
874927604
427281283
914354827
550414130
647273324
44010064
756532465
719830538
322581447
754983992
468312342
998950540
175285292
156115560
776899617
361129706
33561384
176193586
427537339
975404054
541569466
142903273
798127132
237951992
360465238
488888367
156061958
771643711
789333206
223139426
629664102
173066542
817421215
297656393
861290566
215460841
946832007
962645780
628405023
136113707
206197553
730850352
986393329
789347550
740813158
710186752
261190036
82029671
761657949
682900589
676498165
287261419
316813038
136825537
252876367
929714786
59199191
863037547
956970630
398073385
89935973
631988940
160218780
281791886
546248816
37427201
230013389
512446658
172080508
558296233
637606665
412980106
69387587
781501532
564806108
233684387
219776970
821465885
93418885
656247556
475156414
658925810
836342013
193772384
408372877
409523319
465865489
471019233
353265893
343348656
591976127
821015191
453934327
496508087
6927556
555339807
53342952
811199901
657147985
852411315
9093198
191419540
460279555
728962006
358358956
69752450
102899577
77503224
413880421
635325901
180256527
279005847
993859337
879485474
71137200
250849509
860789388
11164221
505025625
265982168
461919970
26814877
357720624
121025834
805165966
966876187
133070105
427841959
525035553
82555046
648844314
456837888
482944999
75985808
68092268
213610610
242872853
317711121
256803881
638366100
786694185
221799116
301241151
301700436
258078305
214724815
268746224
379103115
668980949
463856967
248979945
398720460
252549044
662613641
153514071
140311151
959865794
54933507
87662454
479931269
103926065
365900262
841284259
218596900
348713983
593142389
903404472
150585154
509086968
439038763
123946229
678314891
915666562
844867900
410930249
333736682
589087648
777617243
571707262
836132334
548418178
788702558
128771575
406043690
841923532
738350492
792577083
796039610
934030578
686429654
738938751
123965050
478709566
243632409
286887322
854812746
613662122
812494495
369510092
582290534
194350576
58973165
632731461
46253596
70392226
472436812
511600065
269580798
246881980
446383289
94043589
507917936
940525788
506686702
351007433
456808980
181700356
40094585
100915771
27239224
854349270
674980318
600356369
949162827
424324285
437765731
658931610
451190100
341016165
83914791
621621854
660001768
508104812
559844128
734316563
233986474
720044134
353666277
254212342
150944214
697444596
753370135
235344072
73876640
845420861
385740203
201290200
586685326
208034663
214038484
31065465
313334039
407566460
167511571
588287297
554149497
860718978
371836710
551697980
193883441
53117203
170832315
951782027
640525509
487120891
394941195
966876402
504870109
60048022
855684754
805495764
40769654
902873245
346007000
944034455
172592873
2987821
822456106
257070254
606875744
330149126
799852832
81483601
87415686
366587612
660735930
201971638
591859090
131885752
583414384
645994827
137017099
427078898
974549940
687135697
321398238
934016459
282732241
50425062
683592141
358549847
786584053
53901524
255897264
623333037
171590512
309925999
143430784
278032479
332194175
561678675
844656751
556643261
303442336
515641219
24638136
750485224
16663361
503496963
560790355
24250773
434614115
810836629
317761821
783931380
382764524
718047686
585129488
820616670
617117790
454191851
152741434
629684969
16376493
850246051
799860494
861779829
821127697
909425954
149719387
354686059
733188219
539622742
351173987
65876474
931457489
100961466
378878631
474138501
575781498
451864162
295458765
589835547
846918783
691797623
768147231
456778800
514091165
801922343
336616240
709938749
606492365
217705940
26856174
829409250
373697403
217402750
370480944
781101274
110411476
262437103
577283851
817727473
956103493
350116035
470672287
557185963
74109552
603816043
837237652
762313694
951185406
418502233
954832837
848229835
209618573
649024792
740494607
953321110
369618197
396739937
977018914
482766140
633289589
64648111
71412896
747126810
424376666
84401410
419236397
271400419
474460605
489377640
736069454
358759458
782493650
542725916
397696012
210245888
634104554
510518692
757895727
290752488
743381769
870804953
739893057
374600774
662985978
447102422
260454116
455169115
834323641
351358297
606231765
441364735
419475389
200870349
393501749
74623418
111506886
173914621
333577315
760837211
925566882
79374150
177159202
340299944
867010102
394349292
665916076
516333893
883640395
410819893
53312627
404576692
874068028
870105013
554326005
674325142
664985580
52742542
611907691
479069452
814971725
202173039
362165985
260703690
337374023
542083762
597405207
660060669
539942875
40932249
327288967
408916072
562808591
618209293
22345353
995444611
857333675
648720422
598083522
116842595
222096254
572766814
483366334
253788466
883567681
694670911
115345005
811757799
654948483
182416085
897044733
854094544
872821672
212979655
41410321
33686758
754093237
668371265
217904299
662742984
224800804
280174607
513967318
753256826
366584
368742203
866692199
139166252
930220408
898613452
286861594
856671351
817370832
852911984
369940701
753728641
556154181
393849132
972791046
363750799
698438415
554762630
926972788
980118578
759590561
423274596
810635343
874378146
234519952
381844059
253420854
778820989
911841449
481855025
555281356
65764669
62930339
883514519
755799380
748245138
547958971
678160250
928428270
949927024
129696209
934514394
143326865
250601962
391454155
563268760
76770099
158992616
745696076
909068482
190500515
904075246
401049430
359487680
468511917
627512836
571513206
336545164
141291629
53216113
743786026
350023619
430834838
941072695
635386795
314825806
627331940
759834496
652123324
82496206
568293239
985423472
150110635
755188433
181343530
27352775
683038305
164227872
132541693
924084904
987237220
668609698
505631486
536781886
906416107
575321243
741514958
288437773
752695781
647465922
970182125
978496024
217649060
172599566
431400964
670577572
370356609
991750344
940369948
82604174
115556320
444949453
122265240
810022091
972740700
59656983
963247633
279346824
241424653
609155324
122929439
506082021
12653962
964101709
666671806
918431978
538987622
817684316
90253964
390746841
6910382
616204243
414018443
372038269
77343929
883562767
134201116
336969854
313455807
919971473
436059764
578931437
525833727
942189090
812359432
49770890
919892948
924253452
584769278
153904110
345552913
286072160
525291244
255015583
557563352
53616194
208441580
964296143
431545240
795943598
705945226
177103858
774549600
756400311
909022006
597667089
557623790
503247766
138264906
536586376
476974859
208589829
17776657
81691362
579250426
514728066
539594612
471267651
358008588
820689301
613521657
677749662
891136975
90332028
831853985
238259124
497129549
199088526
135256900
963484685
500363575
53066626
314353142
620181657
382312429
633728794
302561088
377742824
248667968
961003711
536750460
288351131
268671419
433415773
829728215
873686320
199577128
297077897
412815584
179182579
380297189
309380199
349914269
227917917
732506212
971940847
62041359
882732948
693894837
309190261
25962886
865964025
86021342
777722061
437275039
125757359
979517707
772043936
125431663
440341734
469934046
480664812
381046458
210964182
843129002
15863547
421729463
416568145
958196339
105791095
528506718
83298571
1860387
801142270
441444218
80704014
832363777
72303990
505429517
175940452
34801771
173871459
269717032
120929663
115129574
575230020
251573111
576737794
647050336
476300697
125946013
340356428
891812164
819425431
75864567
485371498
488473240
253642557
193223641
638830951
336868223
982059522
698499628
593788854
680387355
403711487
7189778
594200999
172881439
891160846
125311764
232835312
929651877
772988836
362552295
87251015
775461582
11032536
96905315
748097278
2350409
517226129
216693589
515928098
252168351
190738012
545271269
55971678
550927660
909249373
755447479
186391312
285767420
601487544
320359090
239616338
266963211
124568292
460960568
914739387
227075847
424948079
645361394
939654239
400928649
377675838
207597970
854858408
422628911
667017751
442564129
543662327
267116522
978091325
938390075
128044588
641428416
335301414
525683803
185652125
830879162
439900433
66476138
851990779
421435521
477956610
390943591
754434920
424198531
200808611
84156474
134439112
575520773
327213935
389046361
89222816
940613577
638301661
888604109
165165205
595442096
178054422
789280779
942283266
414452212
378967967
407628398
222267296
472778927
395051783
778564096
550113010
663580164
768471212
253643872
338449534
890517608
579124528
349774628
776880029
758785274
697846776
291973061
514016874
590308325
966215611
725297676
47733570
923880044
329643290
235987551
83054352
230784419
415587825
567171510
39782991
831817260
933249171
336779369
904563207
977587224
946566364
444544514
867434600
985001673
765617845
648731920
657858318
870262305
931345386
502377288
831444695
950161593
399322337
404321123
57546084
512142458
258757448
679830691
571952276
195395123
210942888
782896368
356946791
920684257
649946402
265925802
124323455
621130400
365604358
925280847
427076905
202652503
370861190
672354520
587050824
26888489
471479342
414538662
39544847
868351410
567556311
717903991
213168656
77273145
737837771
939773983
463136713
493255897
521010675
67881782
330340795
285376669
812940181
264458280
606990088
791813914
505451090
133130577
448922250
584735516
845707599
510697804
179594173
729699827
518775273
476742175
573163979
251187951
334678987
917604439
607069889
690458404
454540434
785317921
918111996
131906322
204902744
531566108
254044377
418165616
881660966
998621148
635406440
691292856
476661707
729612805
706178790
522792611
808338561
968087167
771484946
107288871
627310081
448325540
167871134
375054496
768304353
979311002
244996971
503806441
198093076
800038958
424834141
61331713
583344428
961701017
513506226
971423459
562522544
371499070
327726437
880082090
669885228
570072337
664124839
147230238
94575656
845532541
216499944
917243179
215390811
248002263
362345826
536285312
930716563
451034401
16763584
80413319
814662879
639932285
916264201
601338905
432570703
59005882
312237138
612363150
132084406
121456769
927645881
362555159
516613087
611473050
166971239
653560142
466287464
507705236
310557125
117152676
989817776
311991032
895723652
90003896
872937157
374921535
975308984
929467380
348187309
583800802
146002214
539053649
326750763
387151706
72971501
675665982
707743873
521830698
67691125
169834177
455124632
644910769
404576195
844121120
524262108
84054126
337782122
248321236
392424894
128698190
544951580
123495597
155890112
832331451
892344006
126025350
687734234
606330449
364239827
146659440
871622968
788761208
454264498
236114018
621873998
383316203
69521260
768953540
635306667
650105055
843217203
8231471
999284246
875113926
621342196
13833068
898977493
99422282
696725713
291601146
35241526
974070143
265189634
834921972
8425332
190258042
186957695
568360859
53701339
944762027
157327377
642667858
262194835
470283161
292108950
85437304
44211941
311407855
765000438
236182570
195122359
946756667
943916515
81777168
772621516
403854286
639655080
74703600
44561520
957647152
315578517
404207806
879889302
481728237
959719944
83246469
304717793
629685897
425091827
94145363
95026985
317941595
345832871
499403977
891953077
610447333
262218664
684931286
884668601
964700904
542873117
748876769
626474398
866068530
203144827
153289074
435265990
800859449
167297778
680284045
321983161
295374419
407709841
923823224
122509644
654662117
953898183
574019642
794929836
930592942
789795457
427257486
963248417
103255524
173987944
157405695
335495352
231099021
630813250
186330090
126331224
806319491
410565227
952064545
256253836
547689368
812734200
812873873
505681390
753773437
460775873
100383525
939215640
383328441
760795347
475649649
39996626
361429228
422931905
307579826
728248937
398977638
288443336
442905542
953992590
759282062
55777337
279436823
441854874
568061694
621352419
403403175
734934637
119839886
606291659
112392432
32627909
852012417
63252261
323070
588025806
659203998
839987710
849327156
779556863
673101880
821955136
959640810
167744206
232295797
880830884
666593550
155546570
952130661
637648855
520368259
590687582
862255996
37627299
951813443
446710959
901803142
969588465
484606177
507433824
356478801
858297829
131619054
564557159
503397225
387941823
590536745
990327553
277215750
764206652
131570459
988419603
983608529
334418265
685712770
740281122
139715729
89853557
432622082
303619299
406002068
995233759
201287170
652067721
664238911
923794738
374365491
498005476
794995302
462842065
264943927
848150176
120467233
228310684
110311239
876984583
631933077
873153541
33727027
395225454
700291150
315649578
827481249
717733451
306592803
618131788
288159802
77350799
925108100
375686699
569280728
161934552
578161174
23079641
885064828
250128358
370450007
159047607
684326456
469973176
237123753
264158521
635389688
516070255
254467223
921948093
470827545
135181877
923998415
147152607
987832152
214758329
51745203
604341847
259677943
480460520
220007605
727172273
777601807
198553170
153188030
437677463
154161967
530265835
202380633
14616648
288399246
471607881
973251376
203571240
345327104
800324731
472821034
526114366
794532440
620257226
180441652
278502043
77012353
928455184
956282027
421377556
110028135
203986829
928898957
94525849
993355853
188814977
464970550
526588484
29227839
157176223
854707071
257242737
900195911
899460470
627209666
812282436
333028176
668814489
627262953
293258639
654423215
720722671
979335315
248314197
188097564
912203360
847011769
34915290
766578696
292902959
156910620
987254033
740896282
508830701
141973842
979146300
553855511
806807855
993671382
131105390
783202682
842240833
285125398
649230222
897461919
62491185
671374488
61420738
72101788
778026201
204043890
881240421
78652966
818588680
103557216
132465157
185455910
423294854
683828294
283691151
155411012
885574926
714808165
878520269
953504290
343796713
854406555
784841400
281938202
209533576
783628756
726420905
566978212
289778859
385367805
340756104
200942333
202822130
208830362
648605413
657269287
313639109
733194355
970007604
42576440
54789202
662952178
355648075
843885158
768624835
10770864
657320485
905773261
784107268
26688564
112848820
404086366
838482026
242501918
814278164
54542881
105560036
632756170
89003722
785187196
585024245
947543322
552109632
465818876
857694473
370804940
870769350
997423525
409906205
181431895
608937069
345528789
750115630
536603003
514879844
782035070
871860042
245305983
719897434
329266982
327904086
876288600
324969366
143990430
634652579
407212354
970729498
306007809
439081773
590382226
314506342
496158935
994356088
120405107
178498937
123798302
464362547
66848756
650155528
912359618
16993332
521078720
441802895
572847719
509793427
76418187
837924254
488538485
333662678
944429214
670079994
154565356
124192811
663224162
903279714
509048903
743969335
990180326
139940273
842451863
749557891
557758891
284205045
850178528
953256555
429887761
462056916
916062980
960949251
868216525
878405139
538990454
824849122
275203487
699739712
246380320
189415591
631220280
336993676
826154990
649866369
16760026
532420366
86905661
133450307
518333307
936613861
895867541
616293324
132377458
519663162
225173137
403406696
524897313
156657941
827348356
754039131
224136729
932850422
121183909
374958247
428271371
101738067
938377846
60034706
717074366
177064152
36498258
61178184
165206223
139207390
836172146
419296480
411611562
94662400
551783398
775016603
997430843
22765387
372640735
584344821
884762796
208189721
469791199
790078219
753784387
817983539
751994424
737545400
767512874
836814042
104117499
466531017
22233274
371726460
658553273
889163975
965165128
223611085
465757213
658587565
920871412
851605887
857003513
672585648
758872109
981164073
603440476
577665665
568418677
836744488
666327601
240363360
974706148
333859239
717559918
332243966
927402709
562448818
481921589
219156076
825006547
431133402
737961684
207135434
845519752
394538449
851735742
694067563
756898744
907837013
394602852
225358756
329574619
229349982
916040948
3617635
635700936
543596124
332874915
916038107
665385698
99830592
748920647
994667095
971373615
11507447
516301328
31605014
403525955
320807928
885281136
562733252
806040041
177622936
339558302
202610656
23272170
517680267
693170359
153266255
534289899
715268036
458524890
915291182
511256697
41503682
792590757
9428106
180616754
621402638
96323787
161292208
180550845
869089498
114712991
796898305
375226048
261519708
755375720
300848237
142759103
600490413
700040696
661559817
257520898
608347201
366014390
144183764
464681292
398845475
300436714
180036992
804741524
728915130
309585827
544886368
946789962
209519791
700772700
577163051
701260932
334590357
426047864
316490441
20974588
910814932
895680471
920850244
250897510
711064630
678651600
7899957
37889606
438352114
346672021
400728566
883673664
