998974898
998551369
993515662
989641993
988499108
985418848
984179028
981925434
979977688
979147135
975671866
975046994
972968881
972805333
965748095
964360800
963787722
950876727
950719196
949592183
947767036
947569367
945707493
943491934
941578083
938580912
935281121
931489292
927574873
927228121
925449313
925430435
922708039
915181755
914975403
913195260
912721133
911785360
911226065
906918301
905365124
904012092
903803695
902051955
901257391
900979607
898878349
894450342
892575948
891135168
890392825
887605569
887370549
886180921
880307044
878714304
877283826
874230675
873612924
873121296
872685586
867284752
866977915
864218271
861988750
860840627
860746085
852296935
850871252
848321852
845725027
845053513
841950594
840901477
839512032
838214183
835105681
831873548
831360112
828882889
828421713
828354913
827907509
826936119
825498326
822004880
820948404
819427616
816634657
815569813
814232977
812165923
811058292
805842565
804422729
803649556
803413786
801414359
801014205
797604605
797482244
797337003
796096456
795934754
794138674
793810175
793503641
789519321
788974203
787085798
786467647
784928549
784210643
784159446
780322103
778252223
777276638
775699321
774501981
773698075
773135845
772989931
771109845
767349207
765107554
761938477
760429381
756177539
756061043
751582775
750650956
749526863
746324327
744891656
741257669
739840278
739503073
738698131
737085063
735843508
734729659
733564870
733220801
733077739
723412493
721686565
718886124
717134445
714776103
709514041
708155053
706850598
705441029
703235816
703179119
701883336
701295321
700470310
698808063
698763684
693554438
693421754
691997233
688071877
685323358
685254044
685122982
684651674
682689660
682249849
681415878
679376912
677353778
675934869
673529953
672797394
672405733
671320936
671318284
669158642
668935464
666833600
665041117
657908789
657833918
654209339
650005616
649871596
649856287
649453552
648166387
647379164
645761499
644412734
644244250
643102030
642975285
641975825
638038583
637095392
636728026
631786872
631620643
627129854
622653280
620169849
618847335
614556265
611687051
609222154
608829326
608570778
604063434
602157046
596325671
596018953
586683755
586040199
583874982
583837080
578872671
578597883
577569624
576091398
573876658
570120460
563980660
563793655
561995866
558910050
558315221
557068740
556866838
552076961
543276186
541612289
540130597
533501608
529779300
528935483
525582428
524162788
523143926
520570994
519342215
518068644
515498289
515254663
511599402
510109846
501818554
500913723
497908062
497866675
496852619
496170852
495288073
492984912
492595698
492069030
491012116
490863526
488826369
486157731
485078818
484441665
483773523
482952806
482416131
481779714
481738895
480256737
479223338
477535400
471738357
468559361
468149742
464843600
463689135
462693697
461541070
454917255
450182179
448774441
448650908
447771074
444292591
444030624
442949573
442301467
432609929
428464906
427526810
426422325
426189844
424772941
422419766
422392934
421851383
421534805
421415677
420545244
420284797
419099312
417879223
416525711
415249397
402764347
402389217
402215511
400549160
398803113
391794862
390480707
389858293
388643432
386163700
384393687
383773207
383611525
382400439
382093466
381326917
373962013
371837686
371122895
367588970
364435294
362534740
362525640
359995424
353974940
349579742
349034077
347656861
347542243
346150614
345614346
345194235
344510608
340812749
336680244
334975223
331702888
331474608
330727173
329811945
329728932
329655059
328229734
324697806
323393305
321658371
320726537
319747873
315803844
315772192
313440581
313050899
312882606
312233445
310015213
309216727
307696898
307661587
306256928
301695095
299109795
297382388
294619740
293630921
287718555
282707184
281546141
281308540
279148573
278161633
275902241
273286534
270495037
264948220
264569752
260908635
260336251
253657325
251049391
250374010
248812268
248701628
248263242
244506848
241798094
240815707
236962163
235599445
235415169
233073304
232139706
226433928
221810318
219860348
216796320
215148920
212185530
210736137
210001179
209105004
205016621
203946335
199023892
198481283
196889521
196796041
193603702
192124714
190336109
189467683
188481671
187362885
185860475
185593773
184470103
183189693
179900186
178307678
176508286
175646132
174229789
173510756
170026282
168952729
164291788
163933341
163334903
162995304
160854847
158228821
156808326
154463913
153650274
152195535
149326883
141840294
141554703
141111546
139909469
138929452
138129183
137460704
132012771
119611350
118712322
111956595
110999976
109350440
105486529
104882296
103645762
99812019
94593540
93143199
91974810
82897219
75943376
75920050
75215780
71612543
71411127
70352356
68299251
67218780
63322676
60929533
58721900
57406256
57210541
55522695
54897762
53693591
49848535
49118700
46636350
46221152
44075870
43660354
43154744
43094087
40838091
39776947
39448152
36355624
32001973
28328083
25853244
25473738
24629107
23783571
20245155
19574932
19398582
19235193
18245285
16001874
15050026
14385844
11440890
9754295
5756433
2809934
2679235
1397835
1339313
