1339313
1397835
2679235
2809934
5756433
9754295
11440890
14385844
15050026
16001874
18245285
19235193
19398582
19574932
20245155
23783571
24629107
25473738
25853244
28328083
32001973
36355624
39448152
39776947
40838091
43094087
43154744
43660354
44075870
46221152
46636350
49118700
49848535
53693591
54897762
55522695
57210541
57406256
58721900
60929533
63322676
67218780
68299251
70352356
71411127
71612543
75215780
75920050
75943376
82897219
91974810
93143199
94593540
99812019
103645762
104882296
105486529
109350440
110999976
111956595
118712322
119611350
132012771
137460704
138129183
138929452
139909469
141111546
141554703
141840294
149326883
152195535
153650274
154463913
156808326
158228821
160854847
162995304
163334903
163933341
164291788
168952729
170026282
173510756
174229789
175646132
176508286
178307678
179900186
183189693
184470103
185593773
185860475
187362885
188481671
189467683
190336109
192124714
193603702
196796041
196889521
198481283
199023892
203946335
205016621
209105004
210001179
210736137
212185530
215148920
216796320
219860348
221810318
226433928
232139706
233073304
235415169
235599445
236962163
240815707
241798094
244506848
248263242
248701628
248812268
250374010
251049391
253657325
260336251
260908635
264569752
264948220
270495037
273286534
275902241
278161633
279148573
281308540
281546141
282707184
287718555
293630921
294619740
297382388
299109795
301695095
306256928
307661587
307696898
309216727
310015213
312233445
312882606
313050899
313440581
315772192
315803844
319747873
320726537
321658371
323393305
324697806
328229734
329655059
329728932
329811945
330727173
331474608
331702888
334975223
336680244
340812749
344510608
345194235
345614346
346150614
347542243
347656861
349034077
349579742
353974940
359995424
362525640
362534740
364435294
367588970
371122895
371837686
373962013
381326917
382093466
382400439
383611525
383773207
384393687
386163700
388643432
389858293
390480707
391794862
398803113
400549160
402215511
402389217
402764347
415249397
416525711
417879223
419099312
420284797
420545244
421415677
421534805
421851383
422392934
422419766
424772941
426189844
426422325
427526810
428464906
432609929
442301467
442949573
444030624
444292591
447771074
448650908
448774441
450182179
454917255
461541070
462693697
463689135
464843600
468149742
468559361
471738357
477535400
479223338
480256737
481738895
481779714
482416131
482952806
483773523
484441665
485078818
486157731
488826369
490863526
491012116
492069030
492595698
492984912
495288073
496170852
496852619
497866675
497908062
500913723
501818554
510109846
511599402
515254663
515498289
518068644
519342215
520570994
523143926
524162788
525582428
528935483
529779300
533501608
540130597
541612289
543276186
552076961
556866838
557068740
558315221
558910050
561995866
563793655
563980660
570120460
573876658
576091398
577569624
578597883
578872671
583837080
583874982
586040199
586683755
596018953
596325671
602157046
604063434
608570778
608829326
609222154
611687051
614556265
618847335
620169849
622653280
627129854
631620643
631786872
636728026
637095392
638038583
641975825
642975285
643102030
644244250
644412734
645761499
647379164
648166387
649453552
649856287
649871596
650005616
654209339
657833918
657908789
665041117
666833600
668935464
669158642
671318284
671320936
672405733
672797394
673529953
675934869
677353778
679376912
681415878
682249849
682689660
684651674
685122982
685254044
685323358
688071877
691997233
693421754
693554438
698763684
698808063
700470310
701295321
701883336
703179119
703235816
705441029
706850598
708155053
709514041
714776103
717134445
718886124
721686565
723412493
733077739
733220801
733564870
734729659
735843508
737085063
738698131
739503073
739840278
741257669
744891656
746324327
749526863
750650956
751582775
756061043
756177539
760429381
761938477
765107554
767349207
771109845
772989931
773135845
773698075
774501981
775699321
777276638
778252223
780322103
784159446
784210643
784928549
786467647
787085798
788974203
789519321
793503641
793810175
794138674
795934754
796096456
797337003
797482244
797604605
801014205
801414359
803413786
803649556
804422729
805842565
811058292
812165923
814232977
815569813
816634657
819427616
820948404
822004880
825498326
826936119
827907509
828354913
828421713
828882889
831360112
831873548
835105681
838214183
839512032
840901477
841950594
845053513
845725027
848321852
850871252
852296935
860746085
860840627
861988750
864218271
866977915
867284752
872685586
873121296
873612924
874230675
877283826
878714304
880307044
886180921
887370549
887605569
890392825
891135168
892575948
894450342
898878349
900979607
901257391
902051955
903803695
904012092
905365124
906918301
911226065
911785360
912721133
913195260
914975403
915181755
922708039
925430435
925449313
927228121
927574873
931489292
935281121
938580912
941578083
943491934
945707493
947569367
947767036
949592183
950719196
950876727
963787722
964360800
965748095
972805333
972968881
975046994
975671866
979147135
979977688
981925434
984179028
985418848
988499108
989641993
993515662
998551369
998974898
