602157046
500913723
444030624
391794862
324697806
482952806
2809934
192124714
139909469
57406256
196796041
998974898
733077739
417879223
484441665
2679235
110999976
627129854
381326917
523143926
483773523
892575948
609222154
347542243
250374010
898878349
985418848
797482244
163334903
152195535
187362885
872685586
426189844
665041117
578872671
176508286
189467683
149326883
826936119
253657325
312233445
190336109
519342215
749526863
950719196
43094087
384393687
511599402
491012116
989641993
138129183
219860348
887370549
359995424
340812749
787085798
563980660
91974810
681415878
682249849
641975825
750650956
563793655
552076961
576091398
273286534
675934869
173510756
203946335
68299251
993515662
796096456
18245285
421534805
420284797
515498289
275902241
299109795
931489292
99812019
461541070
233073304
226433928
241798094
586040199
543276186
578597883
307696898
735843508
163933341
492595698
175646132
524162788
673529953
703179119
688071877
838214183
943491934
797337003
309216727
141111546
462693697
492069030
886180921
561995866
313050899
925449313
913195260
481738895
312882606
778252223
347656861
24629107
9754295
529779300
183189693
822004880
71411127
891135168
138929452
945707493
767349207
911226065
647379164
839512032
293630921
212185530
497866675
927228121
367588970
860840627
402215511
835105681
67218780
432609929
682689660
329811945
118712322
788974203
235599445
185860475
927574873
57210541
558315221
784210643
306256928
164291788
819427616
701883336
232139706
709514041
345614346
815569813
733220801
75920050
887605569
426422325
848321852
685122982
5756433
495288073
979977688
820948404
109350440
82897219
119611350
636728026
803649556
373962013
698763684
264569752
604063434
479223338
448774441
14385844
938580912
442301467
671318284
105486529
756177539
671320936
362534740
573876658
794138674
323393305
774501981
558910050
518068644
178307678
643102030
349579742
793503641
608829326
649856287
328229734
331474608
315803844
708155053
158228821
672797394
941578083
111956595
947569367
570120460
915181755
477535400
382400439
998551369
235415169
236962163
336680244
179900186
988499108
761938477
577569624
497908062
642975285
248263242
668935464
737085063
773135845
850871252
46636350
649871596
666833600
746324327
583837080
248701628
739840278
972968881
669158642
468149742
964360800
784928549
198481283
718886124
596018953
141840294
39776947
282707184
63322676
586683755
156808326
137460704
533501608
424772941
795934754
841950594
421851383
784159446
773698075
402764347
492984912
608570778
388643432
154463913
789519321
281308540
672405733
900979607
867284752
390480707
349034077
877283826
638038583
16001874
32001973
383773207
723412493
880307044
611687051
386163700
39448152
873612924
648166387
371837686
631786872
345194235
104882296
739503073
804422729
415249397
193603702
70352356
260908635
196889521
679376912
1397835
515254663
557068740
75943376
864218271
221810318
701295321
756061043
28328083
215148920
744891656
310015213
448650908
301695095
419099312
496852619
649453552
914975403
905365124
447771074
19235193
174229789
319747873
911785360
972805333
36355624
902051955
805842565
75215780
825498326
199023892
60929533
184470103
210736137
637095392
645761499
741257669
540130597
422392934
371122895
525582428
496170852
481779714
454917255
828421713
251049391
677353778
654209339
93143199
402389217
334975223
153650274
906918301
53693591
400549160
346150614
685254044
657908789
49118700
315772192
398803113
947767036
132012771
141554703
840901477
1339313
831360112
685323358
894450342
622653280
43154744
382093466
40838091
765107554
421415677
618847335
801014205
216796320
389858293
44075870
294619740
925430435
270495037
278161633
981925434
866977915
331702888
329655059
383611525
903803695
963787722
556866838
313440581
771109845
287718555
874230675
541612289
209105004
772989931
975046994
691997233
812165923
510109846
307661587
471738357
19398582
428464906
705441029
620169849
279148573
721686565
54897762
890392825
20245155
480256737
43660354
11440890
912721133
935281121
700470310
949592183
422419766
596325671
320726537
760429381
329728932
520570994
852296935
442949573
264948220
46221152
486157731
878714304
644244250
244506848
693554438
248812268
162995304
965748095
631620643
811058292
463689135
468559361
330727173
170026282
797604605
188481671
23783571
353974940
583874982
860746085
801414359
644412734
703235816
684651674
71612543
364435294
240815707
185593773
845053513
420545244
427526810
657833918
950876727
614556265
733564870
816634657
297382388
650005616
979147135
25853244
450182179
168952729
528935483
488826369
814232977
901257391
482416131
793810175
861988750
845725027
984179028
831873548
828354913
828882889
362525640
321658371
25473738
58721900
19574932
975671866
49848535
693421754
281546141
714776103
15050026
717134445
698808063
94593540
803413786
55522695
260336251
873121296
416525711
501818554
103645762
751582775
827907509
738698131
904012092
444292591
706850598
210001179
734729659
775699321
777276638
344510608
464843600
786467647
490863526
160854847
922708039
780322103
205016621
485078818
